Blog	here	china	want	how	re	service	tech	than	best	country	much	things	has	support	devices	time	data	so	internet	million	one	open	future	take	uk	technology	world	an	at	tv	social	more	company	its	startup	last	be	by	into	up	us	next	customer	this	high	could	system	should	ve	off	web	government	does	work	after	office	them	they	network	another	do	we	security	way	was	computing	power	market	ibm	can	tablets	still	not	now	year	online	price	only	desktop	using	t	business	your	sales	storage	you	help	ceo	ces	android	launch	mobile	linux	some	e	facebook	cloud	software	nokia	keep	privacy	need	based	years	i	well	pc	he	samsung	companies	even	new	features	m	against	three	if	make	just	deal	down	digital	smartphone	may	first	long	get	many	public	two	most	services	businesses	source	big	google	back	ipad	have	ios	latest	like	about	but	phone	my	end	over	free	top	enterprise	report	news	been	no	when	iphone	platform	good	week	or	there	all	what	store	windows	his	tablet	customers	users	microsoft	apple	app	use	from	six	out	g	their	which	why	will	apps	percent	other
Latest topics for ZDNet in Samsung	0	1	0	1	1	0	2	3	0	0	0	6	8	0	1	0	1	1	5	0	2	0	2	1	1	0	1	4	3	2	0	4	3	5	1	0	5	2	3	1	1	4	0	3	1	0	1	0	0	1	0	0	1	0	1	0	0	1	0	0	0	0	0	0	0	0	0	3	0	0	0	0	1	0	1	0	1	0	0	1	2	3	0	2	1	0	1	2	8	4	1	4	1	1	2	0	0	2	0	0	0	1	0	0	0	0	1	0	26	0	0	3	1	2	0	0	1	0	1	0	0	0	4	1	1	0	0	0	0	0	1	0	0	0	0	0	0	0	2	1	0	0	0	1	0	0	0	0	0	3	2	1	1	2	0	0	3	1	1	4	2	0	3	0	0	1	1	0	0	1	1	4	0	1	0	0	4	0	1	1	0	4	0	0	1
ZDNet | Collaboration 2.0 RSS	0	0	0	1	2	0	1	1	1	0	1	2	2	0	0	1	2	0	0	0	0	0	1	0	0	1	1	2	2	0	7	4	0	1	0	0	4	2	1	2	0	2	0	1	1	0	0	0	0	0	1	0	0	1	0	1	1	1	0	0	1	4	0	1	0	0	1	0	0	4	0	1	1	1	0	0	0	1	0	0	2	6	2	0	0	2	0	0	0	0	0	1	0	0	0	0	0	0	0	0	0	1	1	1	0	1	0	0	0	1	0	5	0	0	0	0	0	1	0	0	2	17	0	2	0	1	1	1	0	1	1	0	0	0	0	0	3	0	1	0	0	1	2	2	0	1	2	4	0	0	5	0	0	0	0	0	0	0	0	0	2	1	2	1	0	0	0	0	0	0	0	1	0	1	5	0	1	0	0	1	0	2	0	0	1
ZDNet | Starting Up Asia RSS	0	0	1	0	0	1	1	1	0	0	0	0	2	0	1	0	2	0	4	4	1	1	0	0	0	1	1	0	1	2	1	3	0	6	6	0	3	3	1	1	3	1	0	1	0	0	0	0	0	1	0	0	0	0	0	0	0	0	1	1	0	0	1	1	0	0	0	0	0	0	0	1	0	2	1	0	2	0	1	0	0	0	0	0	0	0	0	0	0	0	2	2	0	0	0	2	2	0	0	0	0	0	5	0	0	0	0	0	0	0	1	4	2	1	0	1	1	1	1	0	0	0	0	1	2	0	0	0	0	0	0	0	0	0	0	1	0	0	0	0	0	0	0	2	0	0	0	0	0	0	0	0	0	0	0	0	0	2	0	0	0	0	1	1	0	0	0	0	2	0	0	0	2	1	1	0	4	0	1	3	0	2	0	5	0
ZDNet | Transforming the Datacenter RSS	1	0	0	1	0	0	0	1	0	0	0	0	0	0	0	3	8	3	0	0	0	1	2	2	0	4	1	3	4	0	0	4	0	0	0	1	6	2	1	2	0	1	0	2	6	0	0	1	0	0	0	0	2	1	0	1	3	3	0	0	3	2	1	1	2	2	0	0	0	10	0	0	0	1	1	0	0	1	0	0	6	5	7	0	6	7	1	0	0	0	0	0	0	2	0	0	7	0	0	1	0	3	2	3	3	4	0	2	0	1	1	2	0	0	0	0	0	2	2	0	0	0	0	2	0	2	0	1	0	0	0	1	2	0	3	0	0	0	4	0	0	0	2	4	0	0	0	2	0	0	2	0	0	0	1	7	0	0	0	1	1	4	5	6	0	0	0	0	0	2	0	0	0	1	1	0	2	0	0	2	0	5	1	0	0
Latest topics for ZDNet in Microsoft	4	0	2	7	2	2	2	2	0	0	0	0	2	2	0	1	0	3	2	0	1	0	1	0	0	0	0	1	2	0	0	3	3	10	0	1	2	1	0	1	0	0	2	0	1	0	0	0	0	1	1	0	0	1	1	5	0	0	0	0	0	0	6	1	2	1	0	1	0	2	3	0	3	0	3	0	0	1	2	0	0	0	8	0	1	6	3	0	0	5	0	1	1	2	0	0	3	3	1	3	0	0	0	0	0	1	5	0	0	0	0	9	1	0	1	2	0	0	1	0	1	1	0	1	2	1	1	0	2	0	1	2	1	0	1	2	0	0	0	2	0	1	0	4	2	2	0	1	3	0	2	1	1	0	1	3	0	1	0	1	0	0	1	2	0	8	0	1	0	1	25	1	0	0	2	0	3	0	2	1	0	2	1	0	0
ZDNet | Storage Bits RSS	8	0	0	9	1	0	0	2	0	0	2	0	4	1	0	0	4	0	0	1	1	0	0	2	0	2	1	1	4	0	1	1	2	1	0	1	2	4	1	3	2	0	0	1	2	2	0	0	0	1	1	0	1	0	0	0	3	4	0	0	2	2	3	1	1	0	0	1	1	9	0	0	1	2	1	1	3	3	0	0	8	1	4	3	15	7	0	0	0	0	0	0	0	0	0	0	4	0	0	2	0	2	0	0	1	1	3	0	0	0	0	6	0	0	1	0	3	1	0	0	0	1	0	0	2	1	1	0	0	0	2	2	0	0	0	2	2	0	2	0	0	1	1	8	0	0	2	1	5	0	3	0	0	0	1	0	0	0	1	1	0	0	0	4	2	1	0	0	0	0	0	3	0	1	0	0	0	0	2	0	7	2	0	3	0
ZDNet | The SANMAN RSS	0	0	0	4	0	2	1	0	0	0	0	1	0	0	0	5	1	3	0	0	2	1	3	0	0	1	1	3	4	0	0	2	1	4	0	1	7	4	2	2	0	0	0	4	0	0	0	2	2	1	0	0	0	0	2	0	1	0	0	0	1	0	0	1	13	1	0	3	1	1	0	2	3	2	3	0	0	2	0	0	5	0	1	0	10	2	1	0	0	0	3	0	0	2	0	0	7	1	0	0	0	2	1	2	9	2	0	2	0	2	0	4	1	0	0	3	1	0	2	0	1	0	0	0	1	2	1	1	0	0	2	1	0	1	5	0	4	0	0	0	0	0	3	4	0	2	0	0	0	0	1	0	0	1	0	3	0	3	2	0	4	4	2	3	0	0	1	0	2	0	1	0	0	1	1	0	0	0	5	1	6	2	0	0	1
ZDNet | Mobile News RSS	1	2	0	0	0	0	1	1	3	0	1	3	2	0	0	3	0	1	0	0	1	0	0	0	0	1	2	1	5	2	0	1	0	3	1	0	1	3	4	0	0	2	0	8	0	1	2	0	2	1	0	0	0	1	0	0	3	0	0	0	2	0	0	1	0	0	0	0	0	0	5	0	0	0	8	1	0	0	0	0	1	1	2	3	1	2	0	0	9	5	1	5	0	1	0	0	0	0	0	1	0	0	0	1	4	0	0	0	2	1	1	8	0	0	1	4	1	2	0	0	1	0	0	2	2	0	1	0	0	3	3	0	0	0	1	2	0	10	0	4	0	1	0	0	2	1	0	1	0	6	1	0	7	1	0	1	1	0	3	8	1	2	2	1	0	0	0	4	0	0	0	6	1	1	0	2	0	2	0	0	0	0	0	0	1
ZDNet | Communication Breakdown RSS	0	0	0	0	0	2	0	0	0	1	0	0	13	0	2	1	5	1	0	0	3	4	0	1	5	0	0	3	6	4	2	1	2	5	0	1	5	4	5	6	1	1	0	3	1	0	2	0	0	1	5	1	0	0	2	4	2	0	1	0	0	1	1	1	3	0	0	0	0	2	1	0	2	3	0	3	0	3	0	0	2	3	1	0	0	2	0	0	0	8	1	7	0	0	0	0	1	3	0	0	0	0	2	0	0	0	1	0	5	0	0	3	1	2	2	0	0	0	0	1	3	2	0	0	1	0	2	1	0	1	1	4	0	0	0	10	1	2	1	3	0	1	1	2	2	0	0	2	2	2	2	2	0	2	0	0	3	1	1	3	2	2	3	2	0	0	0	2	6	4	8	1	1	0	2	0	2	3	6	4	0	4	2	1	0
ZDNet | Big on Data RSS	0	0	0	0	0	0	0	0	0	0	0	0	1	0	0	0	23	1	0	0	0	1	0	1	0	0	0	1	2	0	0	0	1	8	0	1	0	0	1	2	0	1	0	1	0	0	0	0	0	3	0	0	0	0	0	0	1	0	0	0	0	0	1	1	0	2	1	0	2	0	0	0	0	1	3	0	0	0	0	0	0	2	1	0	0	0	0	1	0	0	0	1	1	1	0	0	2	0	0	0	0	0	3	0	0	0	0	0	0	0	0	6	1	0	0	0	0	0	0	0	0	0	0	0	0	0	0	0	0	0	0	0	0	1	12	0	0	0	0	0	0	0	1	0	0	1	1	0	0	2	0	0	2	0	1	0	0	4	0	0	0	0	2	1	0	3	0	0	0	0	4	0	0	0	3	0	2	0	0	0	0	0	0	0	0
ZDNet | Practically Tech RSS	2	0	0	0	0	1	2	0	0	0	0	1	0	0	1	7	6	1	1	0	2	0	0	0	0	2	0	2	5	0	0	5	0	2	0	0	6	3	0	2	0	0	0	0	0	0	1	4	0	0	3	0	1	2	2	2	1	4	0	0	4	7	0	2	0	0	0	0	0	6	0	0	7	0	0	0	1	2	0	0	0	5	3	0	1	0	0	0	0	0	0	1	0	1	4	0	1	2	0	0	0	2	2	1	1	1	0	0	0	1	4	2	0	0	0	1	0	0	0	0	0	0	0	1	2	0	2	1	0	0	2	2	2	0	1	0	0	0	1	0	0	0	0	3	0	1	0	1	0	0	0	0	0	0	0	3	0	0	3	0	5	1	1	2	0	1	0	0	0	1	0	0	0	4	1	0	0	0	5	2	0	4	0	0	1
ZDNet | Full Duplex RSS	2	0	0	2	1	0	0	2	0	2	0	0	7	1	0	2	3	2	0	1	2	0	1	0	0	3	0	8	0	3	2	2	1	6	0	1	4	2	2	2	2	0	0	6	0	1	0	1	0	1	0	8	1	0	1	1	0	2	3	0	0	5	0	0	3	0	0	1	0	1	0	2	3	0	1	0	0	0	0	1	4	0	0	1	0	5	1	0	0	0	1	1	0	0	0	0	0	0	2	0	2	0	0	0	0	1	0	0	0	0	2	1	0	1	0	1	1	1	2	0	1	3	0	0	2	2	1	3	0	1	1	1	0	0	1	0	2	0	3	0	1	1	4	12	2	1	0	4	2	0	0	0	2	2	1	3	2	0	0	1	1	3	1	3	0	0	0	0	4	1	1	3	0	0	4	0	3	1	1	3	1	8	0	2	0
ZDNet | ZDNet UK First Take RSS	2	0	1	0	1	4	0	0	0	0	2	0	4	0	2	1	0	0	0	0	1	0	0	15	0	1	0	3	5	0	0	1	1	0	0	0	1	0	0	3	0	0	0	3	1	2	0	0	1	0	1	0	0	0	0	10	0	0	1	2	0	2	0	1	0	0	0	0	0	1	2	4	1	1	0	0	4	1	2	2	3	1	10	0	3	6	0	0	1	4	0	3	0	3	0	0	6	1	0	1	0	1	1	0	0	0	1	0	0	0	0	2	0	0	0	0	5	1	0	0	1	0	1	0	14	0	1	0	0	1	0	1	0	0	0	0	0	5	2	0	0	0	0	4	1	0	0	0	1	0	1	0	0	0	0	1	0	1	3	0	1	0	2	0	0	6	0	7	0	1	2	1	1	1	2	0	1	0	0	0	0	2	2	0	1
ZDNet | Tel Aviv Tech RSS	0	0	0	4	0	0	2	0	0	1	0	0	4	0	1	1	6	1	0	0	6	0	1	1	0	0	0	1	3	0	0	0	4	6	5	0	2	3	0	1	1	0	0	2	1	3	1	0	0	1	0	0	1	0	2	0	1	2	0	0	3	0	7	2	1	1	0	0	2	4	0	0	0	2	2	0	1	0	0	2	0	2	3	0	0	3	2	0	0	0	0	2	2	1	0	0	1	0	0	0	0	0	1	1	0	0	0	0	0	1	2	4	0	1	0	0	0	3	0	1	0	2	0	0	2	2	3	0	0	1	1	1	0	0	7	2	0	0	1	0	1	0	1	1	0	0	0	2	0	0	0	0	0	2	0	2	0	0	0	1	0	0	1	1	0	0	0	0	0	1	6	1	1	3	3	0	2	2	2	1	0	1	1	0	0
Latest topics for ZDNet in Mobile-Os	0	0	0	3	0	1	2	0	0	0	3	0	3	0	1	2	0	2	0	1	4	1	0	0	2	0	0	3	2	3	0	3	2	4	0	1	3	1	0	1	1	1	0	2	0	0	0	0	1	1	0	0	1	1	2	0	0	1	1	0	0	1	3	0	1	0	0	1	0	0	0	5	1	1	4	1	0	0	1	1	4	1	3	0	3	2	0	2	0	16	1	9	0	1	0	0	0	0	0	0	2	0	0	3	5	2	0	0	3	0	0	4	1	1	0	1	1	0	0	2	0	0	4	0	2	2	0	0	0	1	3	0	0	0	0	7	0	0	5	0	1	1	2	3	4	1	2	0	2	1	2	0	0	2	2	1	0	0	1	1	1	3	1	0	0	6	0	0	1	1	2	0	0	0	2	0	4	0	2	1	3	5	2	0	0
Latest topics for ZDNet in Apple	1	2	1	2	0	0	1	4	0	2	0	1	7	0	1	3	0	2	0	1	2	0	0	0	1	0	1	1	1	0	0	4	1	2	0	0	6	3	0	3	3	1	1	0	0	3	0	0	0	0	1	0	0	0	3	0	0	0	0	0	0	0	0	1	0	0	0	1	0	1	0	0	3	0	2	0	2	1	0	0	3	0	3	2	2	1	1	1	0	2	1	3	0	0	0	0	2	5	0	1	0	0	1	0	0	0	0	0	2	1	1	4	0	0	2	0	1	1	0	0	0	0	1	2	3	0	2	0	1	0	1	1	1	0	0	2	0	3	1	8	0	1	0	4	1	4	0	4	1	1	1	1	2	3	0	1	6	0	1	2	0	1	2	2	2	2	1	0	0	1	2	27	3	0	1	0	2	0	0	0	0	5	0	3	0
ZDNet | ZDNet Healthcare RSS	0	2	0	2	1	0	0	0	1	0	0	0	1	1	0	1	2	0	3	0	0	5	1	0	0	1	0	2	6	0	0	1	2	4	0	0	4	1	1	0	1	0	0	2	0	0	2	1	0	0	1	0	1	1	0	0	0	0	1	0	1	4	1	2	0	1	0	2	1	4	0	0	4	0	0	0	0	3	0	1	2	2	3	0	0	3	1	0	0	0	0	0	0	0	1	0	0	4	0	0	5	1	1	0	0	0	0	0	0	0	0	1	0	0	0	0	4	2	1	1	1	0	1	2	2	0	2	0	1	1	0	0	0	4	0	0	0	0	0	0	0	0	0	3	0	0	0	1	0	0	0	0	0	0	0	0	0	0	0	1	3	0	3	6	1	0	2	0	0	0	1	0	1	0	0	0	0	0	2	0	0	6	0	0	1
ZDNet | DIY-IT RSS	1	0	0	8	2	0	0	2	1	0	2	0	0	0	0	3	0	3	0	0	1	0	0	4	0	0	2	4	3	0	0	1	0	1	0	0	2	5	2	2	0	2	0	11	0	0	1	0	2	1	0	0	0	0	2	0	4	0	0	2	5	11	1	2	1	0	0	0	0	4	0	1	5	1	6	0	0	1	1	2	4	1	11	0	0	18	2	0	0	4	0	1	0	3	0	0	1	0	0	3	0	0	0	1	2	0	2	3	0	0	0	4	0	2	0	0	2	5	4	0	2	0	0	2	0	1	1	0	0	0	0	0	0	1	1	2	2	0	2	0	0	2	2	1	3	1	0	2	0	1	0	0	0	0	3	3	0	0	1	0	2	6	1	1	0	3	2	0	0	0	3	4	0	2	2	4	4	0	0	1	3	3	0	0	1
ZDNet | Forrester Research RSS	1	0	0	7	0	0	0	0	1	0	1	5	1	0	0	2	5	2	4	0	0	0	1	0	0	3	0	2	6	0	0	5	1	1	0	1	8	4	5	0	0	0	3	4	0	1	1	1	0	0	0	0	0	1	0	0	0	3	0	0	3	10	1	0	2	5	0	2	0	4	0	1	1	3	3	0	0	0	0	0	2	5	1	0	0	3	0	0	0	0	0	1	0	0	0	0	11	3	0	0	0	2	0	1	0	1	0	0	0	1	0	6	0	0	0	0	2	1	0	1	0	1	0	0	0	0	1	0	0	0	1	1	1	0	3	4	2	0	3	0	0	2	3	4	0	0	0	0	0	3	1	0	0	1	1	1	0	1	0	0	3	0	1	4	2	0	0	0	3	1	0	0	0	6	0	0	0	0	2	1	2	6	0	0	0
ZDNet | Heat Sink RSS	4	0	0	3	0	0	6	2	1	2	1	2	2	0	0	0	3	0	2	1	3	0	0	1	0	2	5	3	2	0	0	4	0	3	2	0	6	1	4	0	0	1	0	1	3	2	0	1	0	1	1	0	0	0	0	0	0	1	0	0	0	0	2	0	0	0	0	8	0	3	0	1	2	0	0	2	1	2	0	0	1	0	0	0	0	6	3	0	0	1	0	13	0	0	0	0	0	1	4	0	0	1	0	2	0	1	0	0	2	1	0	10	0	0	0	1	2	0	4	0	0	0	0	2	3	0	2	0	1	2	2	3	1	0	4	2	0	0	7	1	1	3	4	4	0	0	0	1	0	3	0	0	0	1	0	0	1	1	0	1	1	1	2	0	0	0	0	0	0	0	0	1	0	1	4	0	2	0	4	1	0	2	0	1	2
Latest topics for ZDNet in Laptops	1	0	0	0	0	0	0	0	3	0	0	3	4	0	2	0	0	3	0	0	1	0	0	0	0	1	0	1	4	0	0	1	1	5	0	1	5	3	3	0	0	2	0	2	1	0	2	0	0	1	0	0	0	1	0	0	0	0	0	0	2	0	0	1	0	1	1	0	0	2	6	0	1	0	2	1	0	1	0	0	1	1	1	2	1	3	0	0	11	1	1	2	2	1	1	0	0	3	0	0	0	2	0	0	1	0	0	0	1	1	2	5	1	1	2	2	0	2	0	0	0	0	0	3	2	0	1	1	0	2	1	0	0	0	2	2	0	3	1	1	0	0	0	3	0	1	1	2	3	1	1	0	0	1	0	0	0	0	2	0	0	2	4	0	0	3	0	1	0	1	0	5	2	1	2	2	2	0	1	0	0	5	0	0	1
ZDNet | Tech Podium RSS	0	1	1	2	2	1	4	1	0	1	0	0	2	0	1	2	12	3	1	0	3	1	0	2	0	1	3	4	5	0	8	2	1	1	1	1	5	3	2	3	2	3	2	4	0	0	1	1	2	0	2	1	0	2	2	0	0	3	1	2	2	2	2	1	5	0	0	1	0	4	0	1	1	4	1	4	0	0	0	0	5	3	5	0	0	4	0	1	0	0	0	1	0	1	0	1	2	0	0	1	1	0	0	2	5	0	0	2	0	1	2	2	0	1	0	0	1	1	1	1	0	0	0	0	3	1	1	1	1	0	5	5	1	0	0	2	2	0	3	0	0	1	3	4	0	2	0	1	1	0	2	0	0	2	2	2	0	0	2	3	4	0	2	3	0	0	4	0	1	0	0	0	0	1	5	0	1	0	8	1	0	3	1	1	1
Latest topics for ZDNet in Great-Debate	0	0	0	1	0	0	1	0	0	0	0	0	4	0	0	1	2	0	0	0	2	2	0	1	0	1	3	0	4	0	1	1	0	3	0	3	3	0	5	3	0	2	0	5	0	0	0	0	0	2	0	0	2	0	1	5	1	0	0	0	3	4	4	0	1	1	0	1	2	7	0	1	0	0	1	0	0	0	0	0	0	1	2	0	0	1	0	1	1	6	0	2	0	1	0	0	0	2	2	3	0	1	0	0	0	1	1	0	0	1	0	4	0	0	0	0	0	0	0	2	0	0	0	2	0	0	1	0	0	0	2	0	0	2	4	1	0	3	3	0	0	0	1	2	0	0	1	1	0	1	4	0	0	0	1	0	0	0	0	2	8	0	0	2	0	4	1	3	0	2	7	2	0	0	2	1	0	0	0	0	1	2	1	0	0
ZDNet | SMB India RSS	0	0	0	1	0	3	0	2	1	1	0	0	2	0	4	0	2	0	3	1	1	0	0	0	0	1	2	3	5	0	5	4	2	2	1	0	3	2	0	3	0	0	1	1	1	0	1	0	0	0	3	0	0	0	0	0	0	1	3	1	1	0	2	0	0	0	2	3	0	6	0	0	2	1	1	2	0	0	0	0	0	3	1	1	0	0	1	0	0	0	1	11	0	0	5	0	4	0	0	0	0	0	1	0	1	0	0	0	0	0	1	1	0	1	0	0	1	1	0	0	0	0	1	0	0	0	2	0	2	0	0	4	3	0	0	2	0	0	1	0	0	0	0	0	0	0	0	2	1	0	0	0	0	0	0	0	0	0	0	0	1	0	0	0	2	0	0	0	1	2	4	1	4	0	1	0	0	1	3	2	0	3	2	3	0
ZDNet | Qubits and Pieces RSS	0	0	0	0	1	0	1	5	0	0	3	0	3	0	0	0	1	0	2	0	2	0	3	0	0	3	1	2	2	0	0	3	0	2	0	0	4	4	1	2	5	2	0	0	0	6	0	1	0	0	0	0	1	2	0	0	0	1	0	2	1	1	1	6	1	0	2	0	0	4	0	1	0	0	0	0	0	1	0	3	1	0	0	0	0	0	3	0	0	0	0	0	0	0	0	0	0	0	2	0	0	0	1	1	0	0	0	1	0	0	1	2	0	0	1	0	0	1	0	0	0	1	0	2	2	1	0	0	0	1	1	0	0	0	1	0	0	0	6	0	0	2	0	3	0	0	0	2	0	0	0	2	0	1	0	0	0	0	0	0	0	1	0	2	0	0	0	0	0	0	0	0	0	2	4	0	2	0	3	1	2	1	0	0	0
Latest blogs for ZDNet	1	2	1	7	2	0	0	2	1	3	0	0	2	0	1	2	1	1	2	1	3	0	2	1	0	2	1	3	4	0	1	4	0	2	0	1	5	5	1	5	1	0	0	0	1	0	1	0	0	3	0	0	0	1	0	4	0	0	3	0	2	1	0	2	2	1	1	2	0	2	2	0	1	0	4	0	1	1	2	0	1	0	6	0	2	4	1	2	2	2	1	1	0	0	0	3	1	3	0	2	0	0	1	0	0	1	3	0	3	0	0	5	0	2	0	3	2	0	1	0	2	0	1	2	1	0	1	0	0	0	2	2	1	0	1	0	0	0	1	0	1	3	3	1	1	0	0	0	0	1	0	1	1	1	2	4	0	0	1	0	0	3	1	0	0	2	0	2	0	1	3	4	0	0	4	0	1	0	1	2	2	3	1	2	0
ZDNet | apac-redhat RSS	0	0	0	0	0	0	0	0	0	0	0	0	0	0	0	0	0	0	0	0	0	0	0	0	0	0	0	0	0	0	0	0	0	0	0	0	0	0	0	0	0	0	0	0	0	0	0	0	0	0	0	0	0	0	0	0	0	0	0	0	0	0	0	0	0	0	0	0	0	0	0	0	0	0	0	0	0	0	0	0	0	0	0	0	0	0	0	0	0	0	0	0	0	0	0	0	0	0	0	0	0	0	0	0	0	0	0	0	0	0	0	0	0	0	0	0	0	0	0	0	0	0	0	0	0	0	0	0	0	0	0	0	0	0	0	0	0	0	0	0	0	0	0	0	0	0	0	0	0	0	0	0	0	0	0	0	0	0	0	0	0	0	0	0	0	0	0	0	0	0	0	0	0	0	0	0	0	0	0	0	0	0	0	0	0
ZDNet | ZDNet Education RSS	2	0	0	1	0	0	3	0	1	1	1	1	1	1	0	2	7	2	0	0	0	0	0	1	0	1	3	1	5	0	1	2	3	6	0	3	1	1	2	2	1	2	0	7	0	2	2	0	3	0	0	0	0	2	0	0	0	2	1	0	0	2	0	1	0	2	0	1	0	5	0	0	0	4	1	1	0	1	1	1	4	1	0	0	0	1	0	2	1	0	0	0	0	3	1	0	0	3	0	2	0	1	0	4	8	0	0	2	0	1	2	6	0	4	0	0	0	0	2	0	0	0	0	2	0	1	3	1	2	2	0	2	1	0	3	0	1	0	4	0	1	0	2	2	0	0	0	0	1	0	0	2	0	2	1	0	0	1	0	3	0	1	1	2	0	0	1	2	0	0	2	0	0	1	1	0	2	0	1	0	1	0	0	0	0
ZDNet | Mobile India RSS	0	0	0	0	1	5	0	0	0	1	0	0	3	1	1	3	4	0	4	0	0	0	0	0	0	2	0	2	0	0	1	3	0	7	0	0	7	5	0	2	1	5	1	0	0	4	1	0	0	1	0	4	0	0	0	0	0	1	1	2	0	0	0	0	0	0	0	1	0	2	0	1	0	5	1	2	1	2	0	0	0	0	0	0	0	1	0	0	0	1	5	7	0	0	3	0	0	0	0	0	0	0	0	1	0	1	0	0	0	0	1	0	1	1	4	0	1	0	0	0	0	1	2	1	3	0	1	1	2	0	1	4	0	0	0	0	2	0	2	1	0	0	0	3	2	0	1	3	3	0	0	0	1	2	0	0	0	0	0	0	1	0	1	0	0	0	0	2	2	1	0	0	2	0	2	0	2	7	5	4	0	5	0	1	0
ZDNet | Null Pointer RSS	0	0	0	1	0	1	1	3	1	0	1	0	8	0	0	1	5	0	3	0	3	0	1	0	0	3	1	6	3	0	0	1	1	5	0	0	6	3	6	3	0	3	0	0	2	0	3	2	0	1	1	2	1	0	3	0	2	1	0	0	0	1	1	0	0	4	0	0	0	2	0	0	2	1	3	0	0	0	0	1	1	0	0	0	0	2	2	0	1	3	0	1	2	0	0	2	0	0	0	0	5	0	0	3	0	0	0	1	0	1	0	0	0	0	0	0	2	1	2	0	0	0	0	1	1	0	1	3	0	0	1	0	0	0	1	2	2	0	0	0	0	0	2	1	0	0	0	1	0	0	1	0	0	1	0	1	0	1	2	0	2	0	3	1	0	0	1	0	1	3	1	4	2	0	3	0	0	0	1	1	0	5	1	1	3
ZDNet | New Tech for Old India RSS	1	0	0	2	0	3	3	3	0	4	3	3	6	0	0	1	1	3	0	3	3	0	1	0	0	0	4	2	1	0	0	2	5	16	0	0	3	8	0	3	5	0	0	7	1	1	0	0	0	2	0	0	0	0	2	0	1	0	0	2	2	0	0	2	2	0	0	1	0	4	1	3	0	2	0	0	0	1	0	1	3	2	1	0	1	2	0	0	0	0	1	1	0	1	2	1	0	0	2	0	0	0	0	0	0	0	0	0	0	2	0	2	0	1	2	0	2	0	4	0	0	0	1	3	0	1	0	2	0	1	1	0	0	0	1	1	1	0	6	0	1	2	0	5	1	0	2	2	0	0	0	0	0	0	0	3	0	0	0	0	1	1	2	0	0	0	1	0	0	0	3	1	1	0	1	0	1	0	1	0	1	0	0	0	1
ZDNet | Central European Processing RSS	3	0	0	1	0	0	2	1	0	5	0	1	3	0	3	0	0	0	7	0	1	0	0	3	0	3	3	3	3	0	0	4	1	7	0	0	5	0	4	5	0	0	0	0	0	1	0	2	1	0	0	3	0	0	2	0	1	2	0	0	1	0	0	1	1	0	0	1	0	2	1	0	0	4	1	1	0	0	0	0	3	0	1	0	1	1	0	0	0	1	2	1	0	0	0	0	0	4	0	1	0	1	0	0	0	0	0	0	1	2	1	4	0	0	1	0	0	0	1	2	1	1	1	0	0	0	2	2	0	2	1	2	2	0	1	0	0	0	2	0	0	0	3	3	0	0	0	4	0	0	0	0	0	0	0	2	0	0	1	0	1	1	1	2	0	0	0	1	0	0	2	1	0	0	2	0	2	1	4	0	3	1	0	0	1
ZDNet | Jamie&#039;s Mostly Linux Stuff RSS	7	0	1	1	0	0	0	1	1	0	0	1	3	0	0	3	0	1	0	0	1	0	2	2	0	0	0	1	1	0	0	1	0	2	0	1	2	1	0	1	0	1	0	8	0	2	1	0	2	0	0	0	2	3	0	0	1	2	1	1	0	0	0	1	0	0	1	0	0	0	0	1	0	0	2	0	0	0	1	0	1	0	1	0	0	3	0	0	0	0	0	0	12	3	1	0	0	1	0	0	0	0	1	0	9	0	0	0	0	0	0	15	0	1	0	1	1	0	1	0	0	1	0	0	0	0	2	0	0	1	1	0	0	0	0	0	0	0	4	0	0	0	1	2	0	9	0	1	0	1	0	0	1	3	0	0	0	0	1	0	1	1	0	1	0	0	0	0	0	0	0	0	0	1	2	0	3	0	0	0	0	0	0	0	0
ZDNet | sap RSS	0	0	0	0	0	0	0	0	0	0	0	0	0	0	0	0	0	0	0	0	0	0	0	0	0	0	0	0	0	0	0	0	0	0	0	0	0	0	0	0	0	0	0	0	0	0	0	0	0	0	0	0	0	0	0	0	0	0	0	0	0	0	0	0	0	0	0	0	0	0	0	0	0	0	0	0	0	0	0	0	0	0	0	0	0	0	0	0	0	0	0	0	0	0	0	0	0	0	0	0	0	0	0	0	0	0	0	0	0	0	0	0	0	0	0	0	0	0	0	0	0	0	0	0	0	0	0	0	0	0	0	0	0	0	0	0	0	0	0	0	0	0	0	0	0	0	0	0	0	0	0	0	0	0	0	0	0	0	0	0	0	0	0	0	0	0	0	0	0	0	0	0	0	0	0	0	0	0	0	0	0	0	0	0	0
ZDNet | Norse Code RSS	0	0	0	1	0	1	1	0	0	3	0	2	4	0	1	1	7	1	3	0	3	0	0	0	0	1	2	1	2	3	1	0	3	5	2	2	3	3	1	3	3	1	0	1	1	4	1	0	0	1	0	0	0	1	0	0	0	0	0	0	1	0	1	0	0	0	1	3	0	2	0	0	1	1	2	2	0	0	0	0	2	1	2	0	0	3	0	0	0	0	1	3	0	3	0	1	0	1	3	0	1	0	0	0	0	0	0	0	0	1	0	6	0	2	1	0	0	4	1	0	2	0	1	0	1	0	0	0	0	0	2	2	0	0	1	1	1	0	2	0	2	0	0	5	1	0	0	2	2	0	0	0	0	1	1	0	0	1	0	0	0	0	1	0	0	0	0	3	0	0	1	2	0	1	2	0	0	0	0	1	0	0	2	0	0
Latest stories for ZDNet related to AU	0	0	0	0	0	2	0	1	0	0	0	1	8	1	1	1	3	1	4	0	0	0	0	1	1	0	1	4	1	3	0	1	7	7	0	1	5	2	1	2	0	1	1	0	1	1	1	0	0	0	0	2	1	0	2	1	0	0	1	0	0	1	0	1	1	0	0	0	2	0	0	0	5	1	2	1	0	0	0	2	0	3	0	1	0	0	2	2	1	1	1	1	0	0	0	2	0	1	0	0	0	0	0	0	0	1	0	0	2	0	0	8	0	0	0	0	0	1	0	0	1	1	3	0	1	1	0	0	0	0	0	1	1	0	1	4	0	0	2	0	0	0	0	1	0	0	0	1	0	0	0	1	0	0	0	0	3	0	0	0	1	0	0	0	0	0	0	1	0	1	2	2	2	2	4	0	1	0	2	1	0	7	0	2	0
ZDNet | Identity Matters RSS	0	0	0	1	0	1	0	1	1	0	0	1	4	0	0	2	1	0	1	1	0	1	0	1	0	0	0	2	1	0	1	2	1	1	0	0	0	0	1	2	0	1	0	0	0	1	0	0	0	0	1	0	0	0	1	0	1	3	1	0	0	0	3	0	1	0	0	0	0	2	0	2	1	0	1	2	0	1	0	0	2	0	0	0	0	0	1	0	0	0	0	1	0	0	0	1	0	1	0	0	2	0	0	1	1	0	0	0	0	0	2	1	0	0	2	1	1	1	0	0	1	0	0	0	0	0	1	1	0	1	0	1	0	1	0	1	0	0	3	0	0	0	0	3	1	0	6	0	0	0	1	0	0	0	0	0	0	0	0	0	1	0	0	1	0	0	0	0	0	6	0	1	1	1	1	0	0	0	1	0	1	3	1	2	1
ZDNet | IT Iberia RSS	0	0	0	1	0	1	5	0	0	0	0	0	5	0	0	0	2	0	0	0	1	1	0	1	0	0	0	1	1	0	0	0	4	10	4	0	6	1	2	4	0	2	0	0	1	3	0	0	0	1	0	0	1	0	4	0	0	0	1	0	0	0	0	0	2	0	0	1	0	0	0	0	0	1	1	0	0	0	0	0	0	0	0	0	0	0	0	0	0	0	1	1	0	1	0	0	0	0	2	0	0	0	2	0	0	0	0	0	0	2	0	3	0	1	0	2	1	0	0	4	1	1	0	1	0	0	0	0	0	0	0	3	0	0	0	8	0	0	2	0	1	0	0	0	2	0	0	1	0	1	2	0	3	0	0	0	0	1	0	1	0	0	0	0	2	2	0	0	1	0	1	2	0	0	3	1	1	3	0	0	0	4	0	0	0
Latest stories for ZDNet related to AS	0	8	0	0	0	4	1	3	0	8	0	2	4	0	3	2	6	0	6	2	1	3	1	0	0	0	1	4	3	0	1	4	2	7	0	0	2	2	0	1	2	0	0	3	0	0	2	1	0	2	1	4	0	0	1	0	0	0	0	1	0	0	4	2	0	0	3	3	1	0	0	0	1	1	4	2	0	0	0	0	1	2	0	0	0	0	0	1	1	0	2	1	0	1	4	0	5	1	0	0	1	1	0	0	0	0	0	0	2	0	0	2	0	1	0	0	0	0	1	0	1	0	2	0	1	2	0	2	2	0	0	1	0	2	1	1	0	0	5	0	0	0	1	1	0	0	0	2	0	0	0	2	0	1	1	1	0	0	0	1	1	1	1	0	0	0	0	0	1	3	0	2	0	0	3	0	2	0	0	3	0	6	0	1	0
ZDNet | By The Way RSS	0	10	0	0	0	4	0	2	0	7	0	2	2	0	5	1	5	0	6	1	0	0	0	0	0	0	1	2	3	0	2	3	6	7	0	0	5	3	0	2	2	0	0	3	0	0	2	0	0	1	1	5	0	0	1	0	0	0	0	1	0	0	6	1	0	0	3	6	1	0	0	0	3	0	4	3	0	1	0	0	1	2	0	0	0	0	0	0	1	0	2	2	0	0	3	0	1	1	0	0	1	1	0	1	0	0	0	0	0	1	0	4	0	3	0	1	0	0	1	0	1	0	5	1	1	1	0	0	2	1	0	1	1	0	1	1	0	0	6	0	0	0	1	4	0	0	0	3	0	0	0	1	0	2	2	1	0	0	0	1	0	0	0	0	0	0	0	0	1	1	0	0	0	0	3	0	2	0	0	3	0	9	1	1	0
Latest stories for ZDNet related to UK	2	0	2	6	0	0	3	3	0	0	2	3	3	0	1	2	3	1	3	2	1	0	2	0	2	1	1	2	0	0	0	5	2	4	0	0	3	1	1	0	2	2	0	4	1	2	0	0	0	0	3	0	1	1	0	0	0	2	1	0	0	1	1	0	1	0	0	0	0	1	1	2	2	1	3	0	0	1	1	1	1	0	0	1	4	3	0	0	1	0	1	2	4	0	0	0	0	2	0	0	0	2	1	3	7	1	1	0	2	0	1	12	3	1	2	0	0	0	1	0	2	0	0	0	2	1	1	1	0	2	2	4	0	0	0	0	0	0	3	0	0	0	2	5	3	3	1	0	0	2	0	0	0	1	0	1	0	2	1	0	1	1	0	3	1	2	0	0	0	0	0	3	3	0	3	0	2	0	0	1	2	7	1	0	0
ZDNet | Tech Broiler RSS	5	0	0	1	1	0	2	1	1	0	0	2	6	1	1	0	0	3	0	0	0	0	1	0	0	3	0	2	1	0	0	3	0	2	0	1	6	1	1	1	0	1	0	1	1	0	0	1	0	2	0	0	0	0	2	0	0	2	0	2	2	1	0	0	0	0	0	1	1	3	0	4	0	0	3	0	0	2	0	0	2	4	1	1	2	3	1	0	1	2	0	3	0	2	1	0	5	0	0	0	0	0	0	1	5	1	0	1	0	0	0	4	0	3	0	0	2	2	0	1	1	0	1	0	0	0	0	1	1	1	3	0	0	0	1	2	0	7	2	1	3	0	1	3	0	4	1	0	0	0	4	0	0	0	3	1	2	1	0	0	4	1	2	0	0	0	0	4	0	0	0	5	0	0	3	2	2	0	4	2	5	2	1	0	1
ZDNet | The Apple Core RSS	6	0	0	4	0	0	0	0	0	0	0	0	1	4	1	4	1	0	0	1	3	0	0	0	0	0	0	3	3	0	0	1	1	3	0	0	3	0	2	1	0	0	0	2	0	2	1	0	0	0	0	0	1	1	0	1	0	0	0	1	1	1	0	0	2	0	1	0	0	2	0	0	1	0	0	1	0	0	0	0	1	3	10	1	0	6	1	0	0	0	1	4	0	2	0	0	0	1	0	2	0	3	0	0	1	0	0	1	0	0	1	5	1	0	0	1	0	0	1	0	0	0	0	2	6	0	3	0	0	0	3	1	0	0	1	3	2	4	4	15	1	1	1	2	0	2	0	1	1	1	0	0	0	0	0	0	11	0	1	1	3	0	0	6	1	0	2	0	0	0	2	18	6	2	2	0	2	0	0	0	2	1	3	0	0
Latest stories for ZDNet related to US	0	0	0	5	0	0	0	0	1	1	0	0	2	1	1	1	3	1	2	1	3	0	2	1	0	2	1	3	3	0	0	5	0	4	0	2	4	6	1	4	0	0	0	0	1	0	1	0	0	3	0	0	0	1	0	1	0	0	3	0	2	1	2	2	2	1	0	1	0	2	0	0	0	0	4	0	1	1	0	0	1	0	2	0	3	0	0	2	2	0	0	1	1	0	0	2	5	2	0	1	0	0	0	0	1	2	2	0	3	0	0	8	0	1	0	3	2	0	1	0	1	1	0	3	1	0	1	0	1	0	2	1	0	0	3	2	0	0	1	0	1	2	3	1	1	0	0	0	0	1	1	0	2	1	2	1	0	1	1	1	0	3	1	0	0	3	0	1	0	1	7	4	1	0	1	0	1	0	1	2	2	3	0	2	0
ZDNet | Social CRM: The Conversation RSS	4	0	1	8	1	0	2	0	0	0	0	0	2	0	0	2	5	5	0	1	0	0	1	2	0	2	1	2	5	0	1	2	0	0	0	2	1	0	2	0	1	1	16	6	1	0	0	2	1	1	0	0	0	0	0	0	2	13	0	0	5	8	0	1	0	0	1	3	2	5	0	1	4	1	3	0	0	1	0	0	3	1	4	0	0	4	1	1	0	0	0	0	0	3	0	0	0	1	0	0	0	1	0	1	9	0	0	1	0	7	1	1	0	1	0	5	0	0	3	0	0	2	0	0	0	1	1	1	0	0	0	0	2	0	3	0	0	0	4	0	1	1	5	5	0	0	1	0	0	0	0	0	0	1	2	0	0	1	3	1	2	3	11	8	0	0	1	0	5	1	0	0	0	0	1	0	4	0	2	1	3	0	0	0	0
ZDNet | Home Theater RSS	0	0	1	0	0	7	0	1	3	0	2	0	3	1	1	0	0	4	6	0	0	0	0	0	0	1	2	2	1	17	1	2	1	5	0	0	6	0	2	2	0	5	0	2	1	6	3	1	0	0	0	0	1	1	1	0	0	4	0	0	0	0	0	2	0	0	1	0	1	7	0	1	1	0	1	3	1	0	0	0	5	0	1	0	1	0	1	0	0	0	0	0	0	0	0	2	1	0	0	2	1	0	1	0	0	2	0	0	1	0	2	10	1	0	1	0	0	1	1	1	1	0	0	5	2	0	1	0	0	2	1	0	0	0	0	3	0	1	3	0	0	1	1	3	0	0	0	3	0	2	0	2	0	0	0	1	0	2	0	0	0	1	3	0	2	0	0	1	1	1	3	12	1	0	4	0	2	0	2	1	5	6	2	1	0
ZDNet | Tom Foremski: IMHO RSS	0	0	0	0	0	0	3	3	0	0	2	3	4	0	0	1	0	0	3	0	3	0	3	0	0	0	0	3	2	0	0	3	1	5	2	0	4	1	0	0	1	2	0	0	0	0	0	1	0	1	0	0	0	0	0	0	0	0	0	0	0	0	0	3	1	0	0	0	0	3	0	2	0	0	3	0	0	0	0	1	1	3	0	0	0	0	0	1	0	0	0	0	0	0	0	0	0	0	0	0	0	0	0	1	0	0	0	2	0	4	0	2	0	2	2	0	0	0	1	0	1	2	0	0	2	0	0	0	0	0	2	2	0	0	0	2	0	0	1	0	0	0	0	3	0	0	0	1	2	1	2	2	4	1	2	0	0	1	1	0	0	1	0	1	0	0	2	0	0	0	1	0	0	0	3	0	2	0	3	1	0	5	3	0	0
Latest topics for ZDNet in Reviews	1	0	0	0	1	2	0	0	0	0	0	0	2	0	0	0	2	2	0	0	3	0	1	0	0	0	0	11	0	0	0	1	0	1	0	1	1	3	4	0	0	0	0	6	2	0	0	1	0	0	0	0	3	0	0	2	0	0	0	0	2	0	0	0	1	0	2	0	0	0	0	0	0	0	1	0	3	1	2	1	1	1	5	0	0	5	0	0	0	3	0	0	0	0	2	0	2	2	1	0	0	3	2	0	1	2	1	0	0	0	1	2	0	0	0	0	2	4	2	0	0	2	0	0	2	0	1	2	0	0	2	0	0	0	0	2	0	2	1	0	1	0	0	4	0	0	2	1	0	1	1	0	0	0	0	0	6	0	4	0	0	1	1	2	0	0	0	4	0	0	1	6	2	2	1	1	0	0	0	0	0	0	0	0	1
Latest topics for ZDNet in Processors	0	2	2	0	0	0	1	1	0	0	1	1	4	0	2	1	3	0	1	2	1	0	1	1	0	0	2	4	4	0	0	1	4	9	0	2	3	1	2	1	0	3	0	4	0	0	0	0	0	1	0	0	0	0	2	0	0	0	1	0	0	3	0	2	1	0	1	3	2	0	0	1	3	2	3	0	0	1	0	0	4	4	0	0	0	1	0	2	2	0	0	6	0	0	0	0	2	0	0	0	0	1	0	2	0	1	7	0	2	1	1	5	0	0	1	1	3	0	2	1	1	0	0	1	2	0	0	1	0	1	0	0	1	0	4	0	1	0	1	0	2	0	3	7	0	1	0	3	0	1	0	0	1	1	0	1	0	0	1	4	2	1	4	1	0	0	0	0	0	0	0	0	0	0	1	0	0	2	0	2	0	1	0	2	1
ZDNet | All About Microsoft RSS	2	0	1	0	0	6	0	2	0	0	0	0	4	2	3	1	0	1	0	3	0	0	0	0	0	0	0	2	1	0	0	7	1	17	0	0	0	1	0	1	0	3	2	0	0	0	0	0	0	1	1	0	0	0	0	4	0	2	0	0	0	1	2	1	0	0	0	0	0	0	1	0	0	0	1	2	0	0	0	0	1	0	1	0	1	0	0	0	0	4	0	3	1	0	0	4	1	0	0	0	0	0	0	1	0	1	0	0	0	0	0	9	1	0	0	0	0	0	0	0	0	1	0	1	2	0	0	0	5	0	1	0	0	0	0	0	0	1	3	2	1	0	3	2	3	0	0	0	0	0	0	0	0	1	4	1	0	3	0	0	2	2	1	2	0	18	0	0	0	4	38	0	2	0	3	0	5	0	1	2	1	2	2	1	0
ZDNet | Technolatte RSS	0	1	0	2	0	0	1	0	0	0	1	0	0	0	0	1	3	1	1	0	1	0	0	0	0	0	0	0	11	0	2	0	0	1	0	0	0	0	0	1	1	0	0	20	0	0	0	0	0	0	0	2	0	0	0	0	0	0	1	0	0	0	8	0	0	0	0	0	2	0	0	0	0	0	0	1	0	0	0	1	0	1	0	0	0	1	0	1	0	1	2	2	0	0	1	0	2	1	0	0	3	0	0	0	0	1	0	0	0	1	0	3	0	0	0	0	0	0	0	0	0	0	0	0	1	1	0	0	0	2	0	0	0	0	1	1	0	0	0	2	4	0	1	0	1	0	0	2	0	0	0	0	1	0	0	0	1	0	1	23	0	0	0	1	0	1	1	0	0	0	0	3	0	0	1	0	0	3	2	0	0	0	0	0	0
ZDNet | Service Oriented RSS	0	0	0	1	1	3	0	1	0	0	0	0	3	0	0	3	1	0	1	0	1	2	0	1	0	3	0	4	3	0	0	2	0	1	0	0	7	2	0	1	0	1	0	5	0	0	1	5	0	1	1	0	1	1	0	0	0	2	0	0	1	2	2	1	0	2	0	1	1	1	0	0	1	3	2	0	0	1	0	0	1	6	5	1	0	0	1	0	0	0	0	1	0	0	0	0	13	3	0	3	0	4	0	0	0	1	0	0	0	0	1	0	0	0	0	2	1	1	3	0	0	1	0	4	0	1	1	0	0	0	1	3	0	1	0	0	1	0	1	0	0	0	2	4	0	0	0	1	0	0	6	0	1	3	1	2	0	2	1	0	1	4	5	3	1	0	0	0	2	0	2	0	0	0	5	1	3	0	1	0	2	6	1	0	0
ZDNet | Back office RSS	1	0	1	5	2	0	0	3	1	0	1	1	5	0	0	2	1	5	0	0	2	0	0	1	0	3	0	3	1	0	0	5	1	2	0	1	3	3	2	7	0	2	0	2	0	1	0	1	4	1	1	0	2	0	0	0	0	0	2	1	0	2	3	0	3	4	0	2	1	3	0	2	4	2	0	0	0	0	0	0	1	0	4	0	5	5	1	0	0	0	0	1	0	3	0	0	18	0	0	0	0	0	0	1	6	0	0	0	0	0	0	0	3	0	1	1	3	1	2	0	1	0	0	1	0	2	3	3	0	1	0	2	1	0	1	2	0	0	4	0	0	3	3	8	0	0	2	2	0	1	4	1	0	4	0	1	0	0	0	0	3	2	2	4	0	0	2	0	1	0	1	2	0	0	2	0	3	0	2	1	1	4	0	0	2
ZDNet | Securify This! RSS	0	0	3	4	5	0	1	1	0	0	1	0	2	0	0	3	0	1	0	0	6	1	0	2	3	0	0	1	2	0	0	1	1	6	2	0	6	2	3	0	3	0	0	3	0	2	4	2	2	1	0	1	3	0	0	1	3	6	0	4	6	13	11	0	1	0	0	0	0	4	0	2	7	3	0	0	0	1	0	0	12	2	3	0	0	6	0	0	0	2	0	1	0	1	0	0	0	1	1	0	1	6	0	1	1	0	0	0	1	1	3	1	0	0	0	1	5	1	3	0	1	1	0	1	1	0	0	1	0	4	0	0	0	0	0	2	1	0	5	0	1	1	5	14	2	1	0	0	0	0	0	1	0	4	1	7	0	0	2	1	1	0	1	4	1	1	0	0	0	0	2	0	0	0	2	0	4	0	0	1	5	0	0	0	2
ZDNet | Networking RSS	3	0	5	1	1	2	0	0	6	0	0	1	4	0	1	2	0	3	15	0	0	3	0	0	0	1	3	2	3	4	0	0	1	3	0	1	1	2	1	3	1	0	0	1	0	0	1	1	0	0	0	0	0	0	0	0	0	0	2	1	1	2	2	1	1	1	0	0	0	0	0	1	1	4	0	0	3	0	0	0	1	2	3	0	3	5	0	0	3	0	0	1	0	2	0	0	6	1	0	0	0	3	0	0	0	1	0	0	0	1	0	5	0	0	0	1	1	1	1	2	3	0	0	5	0	1	1	0	1	0	3	0	1	3	0	3	2	0	3	0	0	0	0	9	0	0	0	2	0	1	3	0	1	3	2	0	0	0	0	0	0	2	3	0	0	0	0	0	1	0	0	0	0	0	1	2	3	0	2	0	0	2	0	0	0
ZDNet | The Ed Bott Report RSS	5	0	1	7	1	0	2	3	0	0	0	2	4	0	1	3	2	2	1	0	2	0	1	0	0	0	0	6	2	0	0	6	3	1	0	1	1	1	0	2	0	1	0	6	0	0	1	0	0	2	3	0	0	0	2	3	0	1	0	0	1	2	2	1	2	1	1	2	0	4	0	2	0	0	7	2	0	1	0	0	2	2	4	0	2	6	2	1	0	0	0	3	0	2	0	0	1	1	0	0	0	2	1	3	4	1	3	1	0	1	2	13	0	0	0	3	2	3	2	5	1	0	0	0	4	5	2	0	0	4	1	2	0	0	2	4	0	0	9	1	2	2	1	5	2	6	1	0	1	0	0	1	0	2	2	3	2	2	0	0	2	0	1	3	0	14	0	0	0	1	15	1	2	4	5	2	1	0	2	0	2	0	3	0	0
ZDNet | The ToyBox RSS	1	0	0	0	0	0	0	1	1	0	0	0	0	2	1	1	0	0	0	0	1	0	3	0	0	0	1	1	2	0	0	1	0	10	0	0	3	1	0	2	0	0	0	4	0	2	0	0	0	0	0	0	0	0	2	1	0	0	0	1	0	0	0	0	0	0	3	0	0	0	1	0	1	0	3	0	0	0	0	0	0	0	0	1	0	1	0	0	0	2	0	2	0	1	2	2	0	0	0	0	0	0	0	1	0	0	3	0	2	0	0	2	2	2	0	1	1	1	1	0	0	0	0	3	0	0	2	0	0	2	0	0	1	0	0	0	0	2	1	2	5	0	1	3	1	0	0	3	2	0	0	1	0	0	0	0	3	0	1	0	0	1	0	0	0	2	0	2	0	2	4	0	5	0	1	1	2	7	0	0	0	1	0	0	0
ZDNet | The German View RSS	0	0	0	4	0	0	1	1	0	4	0	0	5	0	1	0	2	0	0	1	0	1	0	1	0	1	0	1	3	0	0	1	1	9	4	0	3	0	0	3	0	0	0	0	0	2	0	0	0	0	0	0	0	1	3	0	0	0	2	0	0	0	4	0	0	0	0	1	0	0	0	0	0	0	0	0	0	0	0	0	0	0	0	0	0	0	0	0	0	0	0	2	0	4	4	0	0	0	2	0	2	0	0	0	0	0	0	0	0	1	0	5	0	2	0	0	0	0	0	0	1	2	0	0	0	2	0	0	0	2	0	1	0	0	1	10	0	0	2	0	0	0	1	0	0	0	1	1	0	0	0	0	3	0	0	0	0	0	0	0	0	0	0	0	0	0	0	0	1	1	0	0	0	0	4	0	1	1	2	0	0	3	0	2	1
ZDNet | Post-PC Developments RSS	0	0	1	2	3	0	0	3	0	0	2	2	3	0	1	1	0	1	2	0	2	0	0	0	0	3	1	2	1	0	0	4	1	1	0	0	6	0	1	2	3	0	0	0	0	0	0	1	1	0	0	0	2	0	0	3	0	2	0	0	4	3	0	1	2	0	0	0	0	4	0	0	5	0	1	0	0	1	0	2	4	2	3	0	0	6	0	0	0	4	0	3	0	1	0	0	1	1	0	1	1	1	0	0	6	0	0	0	0	0	0	1	0	0	0	1	2	0	3	0	0	3	0	2	0	0	2	0	0	0	2	2	0	0	1	4	1	0	3	1	0	3	3	8	2	4	0	1	0	0	1	0	0	1	3	1	0	2	1	0	2	2	1	8	0	6	0	2	0	1	9	7	2	0	1	0	4	2	1	0	1	0	6	0	1
ZDNet | Jack&#039;s Blog RSS	0	0	0	0	0	3	0	3	0	0	4	0	10	0	0	1	0	1	0	0	0	2	0	0	6	0	1	6	3	0	0	2	2	6	0	1	1	4	1	2	1	4	0	2	0	1	1	0	1	1	4	2	0	0	0	0	0	2	0	0	1	0	0	0	0	2	0	3	2	2	1	1	1	7	1	0	0	1	0	5	2	0	1	4	0	2	1	1	0	2	2	0	0	2	0	0	3	0	0	0	2	1	3	0	1	2	1	0	2	1	0	6	0	1	1	0	0	1	1	0	0	0	1	0	1	1	1	0	0	2	1	0	1	0	0	0	0	0	4	0	1	1	3	3	2	0	0	3	1	2	1	2	0	3	0	0	0	2	0	0	2	0	0	2	0	7	2	0	2	3	1	3	1	2	5	0	0	3	1	1	0	7	0	1	1
ZDNet | The open source revolution RSS	1	0	0	2	0	0	0	0	0	0	0	0	3	3	0	3	3	2	0	0	2	3	3	1	0	0	0	4	4	0	0	0	0	4	1	2	1	2	1	3	1	1	0	4	0	0	2	0	9	1	1	0	1	2	0	0	2	0	1	2	0	2	0	2	8	2	2	1	0	2	0	2	2	0	1	0	1	0	11	2	0	2	1	0	1	4	0	0	0	0	0	0	16	6	1	0	1	6	0	0	0	0	0	1	22	3	1	1	0	0	0	2	1	1	0	0	3	1	2	0	0	0	0	0	3	3	1	2	0	2	1	0	0	4	0	0	2	0	7	0	1	1	3	3	0	3	0	2	0	0	0	0	0	4	1	2	0	4	0	0	3	2	2	2	0	9	0	0	0	2	7	2	0	2	3	0	3	0	0	0	3	2	0	0	3
ZDNet | Gen Why? RSS	0	0	3	3	0	0	1	0	1	0	1	0	5	0	0	0	2	2	1	0	2	0	0	1	0	0	0	0	1	0	0	1	0	2	0	1	9	2	0	4	1	0	1	1	0	0	0	5	1	2	0	7	0	0	1	0	1	0	2	1	0	6	0	2	1	0	0	0	0	3	0	0	5	0	0	1	0	0	0	2	0	0	1	0	0	1	2	0	0	0	0	2	0	1	0	0	0	0	0	1	0	0	0	0	0	1	0	3	0	2	1	0	0	0	1	0	3	2	0	0	1	0	0	3	2	0	2	0	1	2	0	2	1	0	0	0	0	0	3	0	2	0	3	7	0	0	0	1	1	0	0	1	0	1	2	3	0	0	0	1	3	4	5	3	0	0	2	0	3	1	0	1	0	2	3	0	2	0	3	0	1	9	0	0	0
Latest topics for ZDNet in Android	1	3	2	3	2	0	0	2	1	0	3	0	3	1	2	1	0	1	0	0	2	0	0	0	1	2	0	3	2	1	0	4	2	7	0	1	7	0	0	2	1	1	0	2	1	0	0	1	2	1	0	0	1	1	3	5	2	0	0	0	0	0	0	0	0	0	0	1	0	2	5	0	1	0	6	0	0	0	2	1	2	1	11	0	3	8	2	0	4	13	2	3	0	0	2	0	0	2	2	2	0	0	1	0	0	1	2	0	2	1	1	8	0	0	0	2	2	2	0	0	0	0	5	0	1	0	1	0	0	0	0	0	0	0	0	2	0	0	3	1	1	2	1	4	4	0	1	0	2	0	0	1	0	0	1	4	3	0	1	0	2	0	1	0	2	1	0	4	0	2	4	5	1	1	4	1	2	2	1	1	0	4	1	2	0
ZDNet | Zero Day RSS	0	0	0	4	0	1	1	2	0	2	0	0	5	0	0	0	4	0	10	2	2	2	0	0	0	0	0	4	2	0	0	2	1	4	0	1	1	2	3	1	1	0	0	1	1	0	1	0	0	1	1	2	0	0	3	2	0	0	3	0	2	0	7	1	7	0	0	0	0	2	0	3	0	1	1	0	0	2	0	0	0	0	1	0	0	0	0	1	0	0	1	1	0	0	0	0	0	0	0	0	1	0	0	0	1	0	0	3	0	1	0	0	0	1	2	0	1	0	1	0	1	0	0	1	0	0	0	0	1	0	2	1	0	2	1	2	0	0	1	0	0	1	0	2	0	0	0	2	2	0	1	1	3	2	2	0	0	1	2	1	0	1	1	0	0	6	0	0	0	4	3	0	0	1	3	0	0	0	0	3	1	0	0	0	2
ZDNet | Social Business RSS	1	0	4	4	0	1	0	0	0	0	0	4	5	0	1	0	1	2	4	3	2	0	0	2	0	1	2	0	4	0	21	3	0	4	0	0	0	1	2	4	2	0	0	4	0	1	0	0	0	0	0	0	1	2	0	0	0	0	10	0	0	8	0	2	0	0	0	0	0	3	0	0	1	0	0	0	0	0	1	2	1	1	6	0	0	10	1	0	0	0	0	1	0	3	0	7	3	0	0	0	0	0	0	0	0	1	0	0	0	0	1	9	5	0	0	0	3	2	2	0	0	0	0	1	0	0	1	1	0	3	0	1	0	0	0	3	0	0	3	0	0	0	4	3	0	0	0	0	1	0	1	2	0	2	0	1	0	2	0	1	0	1	0	2	0	0	0	0	1	10	1	0	0	3	0	6	0	0	2	2	0	3	0	0	3
ZDNet | Smartphones and Cell Phones RSS	0	0	0	1	0	1	0	2	1	0	1	1	5	0	2	0	2	0	0	0	2	1	1	0	0	2	0	3	5	0	0	1	1	4	0	1	8	1	0	3	3	1	0	1	3	0	0	1	0	1	0	0	0	0	1	0	0	1	1	0	0	0	1	0	1	0	0	0	0	4	0	1	0	4	1	2	0	1	0	1	6	0	10	0	0	4	1	1	5	9	3	8	0	1	0	0	0	0	0	0	0	1	1	0	0	0	0	0	0	0	1	3	0	0	0	0	0	0	0	0	2	4	6	1	0	0	0	0	0	0	1	0	0	0	0	2	0	0	2	2	0	0	1	3	3	1	2	2	0	0	0	3	0	3	2	3	5	1	1	1	0	2	4	0	2	1	2	1	1	0	3	13	1	1	1	0	1	1	3	0	0	4	0	3	2
Latest news	0	1	1	0	0	2	1	1	0	1	0	1	6	0	1	1	3	1	3	2	1	0	1	0	1	0	0	1	0	0	0	4	4	9	0	0	3	0	0	3	3	0	1	0	0	4	0	0	0	1	3	0	0	1	3	0	0	0	0	0	1	1	3	1	0	0	0	0	0	0	1	1	3	1	0	0	2	0	2	0	0	2	1	0	0	0	2	0	0	1	1	1	0	0	0	0	1	2	2	0	0	0	1	0	0	1	0	0	2	0	0	5	1	1	2	0	0	0	0	0	2	0	1	0	1	0	0	0	0	0	0	3	0	0	2	4	0	0	4	0	1	0	1	1	1	0	0	1	0	1	1	1	1	1	0	0	4	2	0	1	0	0	0	0	2	0	0	1	0	2	4	11	6	0	0	0	2	0	0	0	0	3	0	1	0
ZDNet | Small Talk RSS	0	0	0	3	2	0	2	0	4	0	1	0	6	2	1	0	0	3	0	0	3	0	0	0	0	0	1	5	1	0	0	3	0	6	2	0	4	0	0	2	1	0	2	2	0	1	0	3	1	0	1	0	1	2	1	0	0	0	0	0	2	2	0	3	0	1	0	0	0	2	0	0	1	1	0	3	0	0	0	2	1	3	3	0	1	6	3	3	0	0	0	1	0	1	1	7	2	0	2	1	0	0	0	0	1	0	0	0	0	0	2	0	2	0	0	0	2	0	1	1	1	0	1	1	0	1	1	1	0	0	0	2	4	0	1	0	0	0	0	0	0	1	0	0	2	0	0	1	0	0	1	0	0	0	0	0	0	1	0	0	0	1	3	10	0	8	0	0	0	3	8	0	0	1	5	1	3	0	0	0	2	3	2	1	0
ZDNet | Indonesia BizTech RSS	0	1	0	1	0	2	0	2	0	1	1	0	3	0	0	1	0	0	0	4	0	0	0	1	0	0	0	0	0	0	0	0	2	5	0	2	4	5	1	2	1	0	0	1	3	0	1	0	0	0	0	0	0	0	0	0	0	0	0	0	0	0	3	0	2	0	0	5	0	1	0	0	0	2	3	0	0	0	0	0	1	1	0	0	0	0	0	0	0	1	1	0	0	0	1	0	0	1	0	0	0	0	0	0	0	0	2	0	0	0	0	3	0	0	0	1	0	1	0	0	0	0	2	1	0	1	0	0	0	0	0	4	0	0	0	0	0	0	1	0	2	0	0	1	1	0	1	1	0	2	3	1	0	1	0	0	0	0	0	1	0	1	0	0	0	0	0	0	1	0	0	0	0	0	1	0	2	2	1	0	0	5	0	1	1
ZDNet | ZDNet UK Book Reviews RSS	0	0	0	7	1	1	0	2	0	0	1	0	0	0	0	1	8	2	6	0	2	0	3	3	0	4	3	4	0	0	3	2	1	2	0	0	4	2	1	0	0	1	0	15	1	0	0	0	0	0	1	0	4	1	0	0	1	3	0	0	1	2	0	2	0	4	0	0	0	4	0	0	2	0	0	0	0	2	2	0	2	1	2	1	0	5	1	1	0	0	0	0	0	3	0	0	0	0	0	0	4	0	1	0	0	2	2	2	0	0	1	4	0	0	0	0	1	2	1	0	0	2	0	3	0	0	1	1	3	0	1	0	1	0	7	0	0	0	0	0	1	0	6	7	0	0	0	0	0	0	0	0	0	0	0	1	0	0	1	0	1	1	1	7	0	0	1	0	0	0	0	3	0	0	4	0	1	0	0	0	1	0	0	0	0
ZDNet | 500 words into the future RSS	3	0	2	10	3	0	4	0	0	0	2	3	3	0	3	4	0	1	2	0	1	0	3	0	2	2	5	1	2	0	0	1	0	0	0	0	4	0	0	2	0	1	0	1	0	0	1	2	1	0	3	0	1	4	0	2	1	5	0	0	2	7	2	0	0	2	0	0	0	3	2	1	4	4	2	2	0	0	0	0	2	0	2	0	0	5	2	1	0	0	1	0	0	1	0	0	4	1	0	1	0	2	0	0	5	0	2	0	0	0	1	2	1	1	0	0	2	1	0	0	1	1	1	0	0	0	0	0	0	1	0	2	0	0	0	0	0	0	1	0	0	2	5	3	1	2	0	1	0	0	1	0	0	1	0	0	0	0	0	0	2	2	4	6	0	8	0	2	1	0	4	1	0	1	2	0	0	0	0	0	5	0	2	0	0
ZDNet | Five Nines: The Next Gen Datacenter RSS	0	0	0	0	1	0	0	1	0	0	0	1	0	3	0	0	12	0	0	0	1	0	0	0	0	4	0	1	1	0	0	1	0	1	1	0	3	1	0	3	1	1	1	0	1	2	1	1	0	0	0	0	0	0	1	0	0	0	0	0	0	0	0	0	0	0	4	0	2	4	0	1	1	0	0	1	0	0	0	0	0	0	0	0	0	0	0	0	0	0	0	0	2	0	0	1	2	0	0	0	0	1	0	1	0	0	0	0	0	0	0	10	0	0	0	0	0	1	1	0	1	0	0	1	0	0	1	0	0	3	0	0	0	0	3	0	0	0	0	0	0	0	0	1	0	0	0	0	0	0	1	0	0	0	1	0	0	0	0	1	0	0	0	1	0	0	0	0	1	1	0	2	1	0	2	0	1	0	1	0	0	3	0	1	0
Latest topics for ZDNet in Security	0	0	1	4	0	2	2	0	0	3	0	7	4	0	2	1	4	0	11	0	1	2	0	0	0	0	1	3	2	0	1	4	1	8	0	1	2	4	3	1	1	0	0	2	1	1	1	0	0	0	0	0	0	0	0	1	0	0	3	0	0	1	10	2	2	1	2	0	0	1	1	1	0	1	2	0	0	1	0	0	0	0	1	0	2	1	0	0	1	0	2	0	1	0	0	0	1	1	0	0	0	0	0	1	1	1	0	0	2	0	1	2	0	1	1	0	1	0	1	0	4	0	0	1	1	0	0	1	1	0	2	2	0	2	1	0	0	0	1	0	1	1	1	2	0	0	0	0	0	0	3	2	2	1	1	0	0	0	0	1	0	1	0	0	0	2	0	0	0	2	9	0	0	0	0	0	1	0	1	4	2	3	0	0	0
ZDNet | Barker Bites Back RSS	1	0	0	4	0	1	4	3	0	1	0	0	6	1	0	3	3	4	0	1	2	0	0	1	3	1	3	3	4	0	0	4	1	4	0	1	0	2	1	5	2	0	0	1	0	1	0	0	1	3	0	0	2	0	0	0	0	2	0	0	1	5	0	2	3	0	0	1	7	2	0	1	1	2	1	2	2	0	0	1	0	5	2	2	0	0	0	1	0	0	0	0	0	3	0	1	1	2	0	0	0	0	0	2	1	0	0	0	0	0	0	2	0	2	0	0	0	2	1	0	1	0	0	1	2	1	2	1	0	1	1	0	0	0	5	0	0	0	4	0	1	0	2	7	1	0	2	0	0	0	0	0	0	1	2	1	0	0	0	0	0	2	1	5	0	0	1	0	1	0	2	3	0	0	4	0	2	0	1	0	0	1	0	0	2
ZDNet | Vive la tech RSS	1	0	0	2	0	2	2	1	0	1	0	0	6	0	0	0	2	0	1	2	2	0	2	1	0	2	0	3	0	0	1	3	1	6	0	0	4	2	2	5	1	1	3	1	0	2	0	0	0	2	0	0	0	0	1	0	0	0	1	0	0	0	0	0	0	0	1	3	0	1	2	0	2	3	1	0	0	0	0	0	0	0	1	1	0	0	1	2	0	0	0	6	0	0	0	2	1	0	0	0	2	0	1	1	0	0	0	0	0	1	0	1	0	1	0	2	0	1	2	0	1	0	3	0	0	0	2	0	0	1	0	0	2	0	0	4	0	0	1	0	0	0	0	2	0	0	2	5	1	0	0	0	0	2	1	1	0	1	0	0	2	2	5	1	0	0	0	0	1	1	0	0	0	0	6	0	0	1	3	0	1	2	0	0	0
ZDNet | Linux and Open Source RSS	3	0	0	0	1	2	0	0	4	0	0	1	1	1	1	1	2	0	2	0	3	9	2	0	0	1	2	0	5	1	0	2	2	3	0	0	2	0	1	2	0	2	0	1	0	0	1	0	1	0	0	0	0	1	1	0	3	1	1	1	0	1	1	1	5	0	0	0	0	0	0	1	0	3	0	0	0	0	6	1	2	0	1	0	0	2	0	0	5	3	0	0	22	1	0	0	8	4	0	0	0	1	0	2	0	2	1	0	0	2	1	6	0	0	0	0	0	1	2	0	0	0	0	3	2	1	1	0	0	1	1	0	0	8	1	1	0	0	5	0	2	1	0	3	0	0	0	0	2	1	4	1	2	2	1	0	0	1	1	0	3	5	4	1	1	3	0	0	0	1	0	0	0	2	2	2	4	0	0	0	0	0	1	1	3
ZDNet | Product Central RSS	0	0	0	1	1	1	1	1	0	0	0	1	2	3	1	0	4	1	1	0	3	1	0	1	3	3	0	1	3	0	0	3	3	3	1	1	3	2	1	1	1	0	0	2	4	0	0	0	0	2	1	0	0	1	0	0	1	0	1	0	0	2	3	0	0	0	4	2	1	4	3	1	1	4	2	1	2	0	4	2	0	2	3	0	0	6	0	0	1	1	1	7	0	0	3	0	3	0	0	1	0	1	1	0	0	0	0	0	1	0	0	10	2	2	0	0	1	1	0	0	0	0	3	3	2	0	1	0	1	1	0	0	0	1	0	0	0	0	5	2	2	1	1	5	0	0	3	4	0	0	3	1	0	1	1	1	0	3	1	0	3	2	1	1	0	0	0	4	0	1	1	3	2	1	0	0	0	3	3	0	0	4	3	1	0
ZDNet | iGeneration RSS	3	0	0	5	1	0	8	0	2	0	0	0	2	0	1	0	0	1	0	1	0	1	1	0	0	3	0	2	0	0	1	0	0	0	0	0	0	0	1	4	0	1	0	6	0	0	2	1	3	1	0	0	0	0	0	0	0	0	0	0	1	4	0	0	0	0	0	0	0	3	0	0	3	0	2	2	0	0	0	3	2	0	5	0	0	5	0	0	0	9	0	4	0	5	0	1	0	0	0	0	1	0	0	0	0	0	1	0	0	0	0	1	0	1	0	0	2	2	1	0	0	1	3	0	0	0	2	1	0	0	3	1	0	0	0	1	0	2	1	6	0	0	0	1	0	0	0	1	2	6	0	0	0	0	1	0	0	0	1	0	4	4	0	4	0	0	0	4	1	0	0	3	0	2	3	7	7	0	2	0	2	2	14	0	1
Latest topics for ZDNet in Legal	0	1	0	0	0	0	0	1	0	0	0	0	12	0	0	0	4	0	0	8	0	2	1	0	0	1	2	2	1	0	0	2	0	7	0	1	0	2	0	1	2	0	1	6	0	0	0	0	0	3	0	0	0	0	5	0	0	2	0	1	0	0	0	0	1	0	0	0	0	0	0	1	0	0	1	1	0	0	0	0	3	0	0	0	0	0	0	0	0	0	0	2	0	1	2	0	0	0	0	1	0	0	0	2	0	0	0	0	1	2	0	1	1	0	5	1	0	0	0	1	2	0	1	1	0	0	1	1	1	2	1	0	0	2	0	9	0	0	4	0	2	0	0	1	2	0	1	6	1	1	0	0	3	3	2	0	0	0	0	2	0	0	3	0	2	2	0	0	1	2	6	7	2	1	3	0	1	0	0	1	0	1	0	0	1
ZDNet | London Calling RSS	3	0	0	2	0	1	1	1	0	0	0	0	3	1	1	1	5	1	0	0	5	0	0	0	8	0	0	4	6	0	0	2	1	2	0	1	4	5	2	2	0	0	0	1	0	5	0	2	0	2	4	3	0	0	4	0	0	1	2	0	0	0	0	0	1	0	0	1	2	0	1	0	2	4	4	1	0	3	0	0	3	0	1	1	0	4	0	0	0	0	0	4	0	2	0	0	0	0	2	0	0	2	0	1	0	2	3	3	4	0	0	0	0	0	0	0	0	1	1	0	2	0	2	5	0	0	1	0	0	1	0	1	0	1	0	5	1	3	2	0	0	1	0	5	2	0	1	1	0	0	1	3	2	1	0	0	0	0	1	1	0	0	0	3	0	0	1	1	2	2	2	7	0	0	2	0	0	1	0	2	1	3	0	2	1
Latest topics for ZDNet in Ibm	1	1	1	0	0	1	1	2	0	0	0	0	5	0	0	1	3	0	0	1	0	1	1	1	0	1	1	1	1	0	0	4	2	7	0	1	3	2	1	2	0	0	0	0	0	0	0	0	0	0	0	2	0	0	0	0	1	1	0	0	2	0	3	1	0	0	2	2	27	4	0	1	1	2	3	0	0	2	0	0	0	4	2	0	0	1	0	0	0	0	0	1	4	1	0	0	10	2	0	0	0	0	3	0	1	1	0	0	0	0	1	6	0	0	1	1	1	2	0	4	0	0	0	1	2	1	1	1	0	0	0	1	0	1	0	0	1	2	2	2	2	0	2	2	0	0	0	1	0	2	6	0	1	1	0	0	0	1	1	0	0	0	4	1	0	0	0	0	1	1	0	5	0	0	2	3	4	0	2	1	1	7	5	4	1
ZDNet | Benelux RSS	0	0	1	0	0	1	0	0	0	4	0	0	7	0	0	0	3	0	1	0	1	0	1	3	1	0	1	1	4	0	0	0	1	6	2	1	4	4	2	3	0	1	0	2	0	0	0	1	0	2	0	5	0	0	5	0	1	2	0	2	1	0	1	1	1	0	1	0	0	3	0	1	1	4	2	0	0	0	0	1	4	1	1	0	0	1	0	0	0	0	0	0	0	0	0	5	0	0	0	0	9	0	2	2	0	0	0	0	0	1	0	1	0	3	0	0	1	0	1	2	0	1	0	0	0	0	2	0	1	0	0	1	0	0	0	2	1	0	3	0	0	0	2	2	0	0	0	1	0	0	0	0	1	1	0	3	0	0	0	1	0	0	1	3	0	0	0	0	8	2	0	2	0	3	3	0	1	1	2	0	0	4	0	0	0
Latest topics for ZDNet in Collaboration	3	0	2	1	0	0	0	0	0	0	0	0	2	0	1	0	0	0	0	1	0	0	2	1	0	3	0	2	2	0	2	7	2	9	1	0	4	1	0	2	2	2	1	0	0	1	2	0	0	3	2	0	0	2	0	10	0	0	0	1	1	3	1	1	0	0	1	0	2	6	1	1	2	2	0	4	1	0	0	2	2	6	2	0	1	3	5	0	0	2	1	2	0	1	0	2	4	1	0	1	0	3	2	0	1	1	0	0	0	0	0	5	3	0	0	0	1	1	0	0	0	0	0	0	2	0	1	0	3	0	0	0	0	0	0	0	0	2	1	1	1	1	3	3	0	0	0	2	2	0	3	0	0	0	0	1	3	1	0	0	0	0	0	5	0	0	0	0	0	4	16	0	5	1	3	1	2	0	0	0	1	1	5	0	1
ZDNet | Beyond IT Failure RSS	2	0	0	4	2	0	0	1	0	0	0	1	1	0	0	3	1	0	1	0	3	0	0	0	0	3	4	5	2	0	7	1	2	1	0	0	2	0	0	0	2	0	0	4	0	0	0	0	0	0	0	0	0	0	0	1	0	1	0	1	1	1	0	0	0	0	2	0	0	0	0	2	0	0	0	0	0	0	0	0	1	10	0	0	0	1	0	2	0	0	0	0	0	0	0	1	1	2	0	0	0	2	0	0	0	0	0	0	0	1	1	5	0	0	0	0	0	1	1	0	0	9	0	0	0	1	2	0	0	0	1	0	0	0	0	1	0	0	3	0	0	0	2	2	0	0	0	0	0	2	6	0	1	0	1	0	0	0	0	0	2	0	0	1	0	0	4	0	1	0	0	0	0	0	5	0	0	0	0	0	2	2	0	0	2
ZDNet | Brazil Tech RSS	0	1	0	0	0	4	4	1	2	2	0	0	0	1	2	2	2	0	1	1	2	0	0	0	0	3	2	0	2	0	1	1	1	0	0	1	0	3	0	4	0	0	0	1	0	1	0	2	0	0	0	1	0	2	1	0	0	0	1	0	0	2	0	0	0	0	0	2	0	0	0	0	0	0	7	4	0	0	0	0	0	0	0	1	0	0	0	0	0	0	2	0	0	0	1	1	0	0	0	0	0	0	3	1	0	2	0	0	0	2	1	1	0	1	0	0	0	0	0	0	0	2	0	0	1	0	1	0	1	1	1	4	0	0	2	1	0	0	0	0	0	0	0	1	0	0	0	1	3	4	0	0	0	0	0	0	0	1	0	0	0	0	1	0	0	0	0	1	0	1	0	1	0	0	0	0	1	0	0	0	0	2	0	4	1
Latest topics for ZDNet in Ios	2	0	2	4	2	0	1	1	1	0	3	0	5	0	1	3	0	2	0	0	1	0	0	1	0	0	1	4	1	2	0	2	1	1	0	0	4	1	1	2	2	0	0	6	1	1	0	0	2	2	0	0	1	1	2	2	2	0	1	0	0	1	0	0	0	0	3	0	0	3	2	0	5	0	11	1	0	0	2	0	0	1	10	3	4	7	1	0	1	3	1	6	0	0	0	0	0	3	0	2	0	0	0	0	1	1	1	0	0	1	0	11	1	0	0	1	2	1	0	0	1	0	3	1	2	0	1	0	0	0	1	0	0	0	0	0	0	7	3	10	0	4	0	5	2	1	0	1	2	4	0	1	5	0	0	5	4	1	2	6	2	0	1	1	2	0	0	3	0	0	4	18	6	1	2	0	2	0	2	0	0	3	1	1	0
Latest topics for ZDNet in Ipad	2	0	1	1	0	0	0	3	5	0	0	1	2	0	2	1	0	1	0	0	1	0	0	0	0	0	0	2	2	2	0	4	0	1	0	1	4	1	3	2	2	0	0	9	1	0	0	0	0	1	0	0	0	1	0	2	1	0	0	0	1	1	0	1	0	0	0	0	2	1	1	0	3	0	12	1	0	0	0	0	1	1	2	1	2	1	0	0	1	5	0	7	0	1	0	0	0	0	0	1	0	0	0	1	6	0	0	0	0	0	0	5	0	0	0	1	0	0	0	0	0	0	0	2	2	0	1	0	0	0	3	0	0	0	0	0	1	14	1	10	0	1	0	3	1	2	0	3	0	7	2	2	5	0	0	3	8	1	6	6	0	1	2	1	2	0	0	3	0	1	3	17	3	2	1	3	1	1	1	0	0	0	3	0	1
ZDNet | Constellation Research RSS	0	0	0	5	1	0	0	0	0	0	0	4	1	0	0	0	2	0	2	0	1	1	2	2	0	2	0	0	2	0	2	1	0	1	0	1	4	0	0	1	0	1	0	2	0	0	0	0	2	0	0	0	1	3	0	0	0	3	0	0	0	3	2	0	2	1	1	0	1	3	0	0	2	0	1	1	0	0	0	0	0	3	4	0	0	5	1	0	0	0	0	0	0	2	0	5	1	0	0	0	5	1	0	1	0	0	0	0	0	0	1	2	1	0	0	1	1	0	0	0	0	1	0	1	1	0	0	0	0	1	2	0	0	1	1	1	0	0	2	0	2	0	2	1	0	0	1	2	0	0	1	0	0	1	2	0	2	2	1	1	0	0	2	2	0	0	0	0	1	2	0	0	0	0	3	0	0	0	2	1	1	4	0	0	2
ZDNet | Hardware 2.0 RSS	5	0	2	5	2	2	3	2	3	0	2	0	7	0	1	2	2	2	0	0	1	0	0	0	0	0	1	1	2	0	0	1	1	1	0	0	10	2	1	1	0	0	0	1	2	0	0	3	0	3	0	0	1	3	0	1	0	1	2	0	0	0	9	0	2	0	0	0	0	3	2	0	2	0	4	0	1	1	2	1	1	0	15	1	6	15	5	0	0	3	0	0	0	1	0	0	0	4	0	3	0	2	0	0	0	0	7	0	2	1	2	3	0	0	1	0	3	1	0	1	0	0	6	3	1	0	3	0	0	0	0	0	0	0	0	2	0	1	4	2	0	3	1	6	0	2	0	5	6	1	0	0	0	0	0	5	2	0	1	0	5	0	1	2	0	4	0	1	0	0	1	11	1	0	2	1	0	0	0	0	0	7	2	0	0
ZDNet | Laptops &amp; Desktops RSS	3	0	0	1	1	0	0	1	7	0	0	0	1	0	4	0	0	1	0	0	2	0	1	1	0	0	0	7	3	1	0	3	3	4	0	2	6	1	0	1	0	3	0	1	1	0	0	0	0	2	0	0	0	0	0	0	0	0	0	0	0	0	0	0	0	0	0	1	0	4	3	0	3	1	1	0	2	0	0	0	4	0	1	6	2	3	0	0	8	4	0	2	1	0	1	0	0	2	0	0	0	0	1	0	0	0	4	0	3	0	0	4	1	2	0	0	3	1	3	0	0	0	0	3	2	0	0	1	0	1	0	0	0	0	2	2	0	7	1	1	1	0	0	7	0	0	0	0	1	0	0	1	0	1	2	1	0	0	1	1	4	4	2	0	1	5	0	5	0	1	0	6	1	1	2	0	1	0	1	0	1	4	0	0	0
ZDNet | Next-Gen Partner RSS	0	0	1	1	0	3	0	2	0	0	0	1	1	1	0	0	4	0	1	2	2	1	0	0	0	0	0	2	2	0	0	2	1	2	0	0	1	2	2	3	0	1	2	2	1	0	0	0	0	0	2	0	0	0	0	1	1	0	1	1	0	0	0	0	0	0	0	0	0	0	0	0	1	0	0	0	0	0	0	0	0	2	1	0	0	0	1	0	0	0	0	0	1	0	0	0	21	1	0	0	0	0	2	2	0	0	0	0	0	3	0	5	0	0	0	1	0	0	0	0	0	0	0	0	0	0	0	0	4	2	0	10	2	1	1	1	0	0	2	0	3	0	0	0	0	0	0	1	0	0	2	0	0	2	0	0	0	4	0	0	1	0	0	0	0	2	0	0	0	0	6	0	2	0	0	0	0	0	0	0	1	5	4	0	0
Latest topics for ZDNet in Iphone	1	2	0	2	0	0	0	5	5	1	2	2	6	0	3	3	0	0	0	1	1	1	0	0	0	0	1	2	2	2	0	6	0	1	0	1	3	2	2	2	3	1	0	6	3	1	0	0	0	1	0	0	1	1	2	0	1	0	0	1	0	0	0	1	1	0	0	1	0	1	0	0	1	1	11	2	0	0	0	0	2	0	5	3	5	1	0	1	1	3	0	9	0	1	0	0	0	0	0	1	0	0	1	1	5	0	0	0	0	0	0	6	0	0	0	1	0	0	0	0	1	0	5	1	3	0	1	0	0	0	4	0	0	0	0	0	0	8	2	9	0	1	1	3	1	1	1	3	2	4	1	3	4	2	0	1	3	1	4	5	1	2	2	0	3	0	2	1	0	0	1	19	4	1	1	2	0	0	1	0	0	3	0	2	1
ZDNet | African Enterprise RSS	0	0	0	1	0	0	3	0	0	1	1	1	2	0	0	1	0	1	0	1	1	0	0	0	0	0	1	1	3	0	0	2	2	4	0	0	2	2	1	5	0	2	0	0	0	1	0	0	0	1	0	1	0	0	0	0	1	0	2	0	0	0	0	0	1	0	1	4	1	1	0	2	0	1	0	2	0	0	0	0	3	1	0	1	0	2	2	0	0	0	1	7	0	0	0	1	0	1	0	0	0	1	0	1	0	0	1	1	1	0	1	5	0	0	0	1	0	0	1	0	0	0	0	1	2	0	0	2	1	1	1	4	1	0	1	0	2	0	6	0	0	0	1	1	0	0	0	3	1	1	0	0	0	1	0	1	0	0	0	0	0	0	0	3	0	0	0	0	0	0	2	1	0	0	0	0	1	1	0	1	6	0	0	0	0
ZDNet | Digital Cameras &amp; Camcorders RSS	0	0	0	0	0	0	0	0	1	0	0	0	0	0	1	0	0	0	0	0	1	0	0	0	0	1	0	9	2	0	0	0	0	14	0	0	0	0	0	2	0	0	0	0	3	0	0	0	0	0	0	0	0	0	1	0	0	0	0	0	0	0	0	0	0	0	0	0	0	0	0	0	0	0	0	0	1	0	0	0	1	1	1	0	0	2	0	0	1	0	0	0	0	0	1	0	2	0	0	0	0	0	1	0	0	1	0	0	2	0	0	18	5	1	0	0	0	0	1	0	0	4	0	0	2	0	0	0	2	1	0	0	0	0	0	0	0	3	0	2	1	0	1	3	0	0	4	0	1	1	0	0	1	0	0	0	0	0	0	0	0	2	1	0	0	0	0	1	0	0	0	1	2	1	2	0	1	0	0	1	0	1	0	0	0
Latest topics for ZDNet in Mobility	1	1	0	1	0	0	2	1	1	1	0	2	3	0	2	2	0	2	4	2	2	0	1	0	1	0	0	0	2	0	1	2	2	4	0	1	7	2	0	3	1	0	1	0	0	3	0	0	0	1	0	0	0	0	3	2	0	0	0	0	0	0	0	1	0	0	0	0	0	0	3	0	1	0	5	1	2	0	0	1	2	4	4	2	1	2	1	0	3	7	1	3	0	0	1	1	0	1	2	1	0	1	2	0	0	0	0	0	6	0	1	9	0	0	0	1	1	0	0	0	0	0	1	2	2	0	1	0	0	0	0	0	1	0	0	3	0	3	1	1	1	1	0	3	2	0	0	0	0	0	0	1	0	1	1	1	4	0	1	0	1	0	0	1	3	0	0	3	0	2	4	12	3	0	0	1	3	1	0	0	0	5	0	2	0
Latest articles for ZDNet in Small business: going big on mobility	0	0	0	1	0	2	0	1	0	0	0	0	2	0	2	2	0	0	0	0	0	0	1	0	0	1	0	1	0	0	0	1	1	3	0	0	0	2	3	4	1	0	2	0	0	0	0	0	0	0	0	1	0	1	0	0	0	0	0	0	2	0	0	0	0	0	0	3	0	0	1	0	4	0	0	0	0	0	0	2	0	11	0	2	0	1	1	2	0	0	0	8	0	1	0	1	4	0	0	1	0	0	2	1	2	0	0	0	0	0	0	1	0	0	0	0	0	0	2	0	0	0	0	0	0	0	0	2	0	0	0	2	3	0	1	0	0	0	1	0	0	2	0	1	0	2	0	0	0	0	0	0	1	1	3	0	0	0	0	0	0	0	0	0	0	0	0	0	0	0	0	0	0	0	3	0	0	0	1	0	1	0	4	0	0
Latest topics for ZDNet in Hardware	1	0	0	3	1	0	0	0	1	0	2	2	4	0	0	0	0	0	2	0	2	0	1	1	0	0	2	5	6	1	0	2	2	4	0	0	4	2	0	2	1	0	0	0	3	1	0	0	0	3	0	0	1	0	0	1	2	0	0	0	0	1	0	1	0	0	1	0	0	2	1	0	1	0	0	0	1	0	3	0	0	3	4	1	4	2	0	3	14	0	0	0	3	0	0	0	0	0	0	0	0	1	0	0	0	2	2	0	6	0	0	6	1	1	3	0	1	0	1	0	0	1	3	1	0	2	0	0	0	0	0	0	0	0	0	0	0	0	5	0	1	0	1	4	0	2	2	1	2	1	1	0	0	0	1	1	0	0	0	0	4	3	3	1	0	2	0	0	0	0	0	4	0	0	5	0	4	0	0	0	0	5	0	0	2
Latest topics for ZDNet in Google	1	2	0	0	0	1	1	0	0	2	0	3	1	0	0	0	2	1	2	0	1	0	1	0	0	0	0	1	2	3	0	1	1	1	0	2	6	4	0	2	2	1	0	1	0	3	1	1	0	0	1	2	0	1	3	0	0	0	0	0	2	0	4	2	0	0	0	0	0	0	0	0	2	0	5	2	0	0	2	3	2	1	0	1	0	0	0	0	0	2	0	6	0	3	1	2	5	0	0	0	0	0	0	0	2	0	0	5	0	0	2	2	0	0	0	3	0	1	2	2	1	1	0	1	0	2	0	0	2	0	0	3	1	0	1	22	1	0	2	2	1	0	0	2	0	2	1	3	0	2	2	0	1	0	4	0	0	0	0	1	2	2	0	0	1	2	1	1	0	3	7	1	1	1	4	2	4	0	2	1	0	4	0	1	1
ZDNet | Small Business Matters RSS	0	0	1	0	0	7	0	2	0	0	0	0	1	1	1	2	1	0	0	2	1	0	0	1	0	2	0	0	1	0	2	4	5	4	4	0	0	4	3	1	0	0	2	1	0	1	3	2	0	0	1	0	0	1	0	0	0	0	0	1	1	1	0	1	1	1	0	1	0	0	2	1	0	0	2	2	0	0	0	0	2	2	3	5	0	1	4	0	0	0	0	8	0	1	1	0	3	0	0	1	0	0	2	1	0	0	0	0	0	3	1	0	0	0	2	0	1	1	1	0	0	2	2	0	2	0	0	1	0	0	0	0	3	0	1	0	0	0	0	0	0	0	0	0	0	0	1	1	1	0	1	0	0	0	0	0	0	1	0	0	4	0	0	1	1	0	0	2	0	0	0	1	1	0	1	0	2	0	1	1	3	1	4	0	1
ZDNet | Pulp Tech RSS	0	0	1	1	1	0	0	0	0	0	0	1	8	0	0	1	9	1	1	0	5	0	0	0	0	0	0	4	1	1	0	2	1	10	0	1	1	1	0	1	0	0	0	1	1	0	0	0	0	0	0	0	1	0	2	0	1	2	0	0	2	0	2	2	3	0	0	0	0	2	1	0	0	4	0	2	0	0	1	2	0	0	1	0	0	0	3	0	0	2	0	1	0	0	0	7	0	0	2	0	4	1	1	1	1	1	0	2	0	0	0	1	0	0	0	2	1	0	2	0	0	0	0	0	1	1	1	0	0	0	0	1	0	0	5	18	2	0	0	0	0	1	6	1	4	1	0	2	0	0	0	2	4	1	3	0	0	0	0	5	1	1	1	3	0	4	1	0	0	7	0	2	2	1	3	1	3	0	0	0	1	1	0	0	0
Latest topics for ZDNet in Browser	1	0	0	0	0	0	0	0	1	0	0	0	4	2	0	1	3	0	2	0	0	1	0	0	0	0	1	1	0	0	0	5	3	4	0	0	2	0	0	1	2	0	0	4	0	2	2	1	0	1	2	1	0	1	2	0	0	2	0	0	1	1	2	1	2	0	0	0	0	1	0	0	1	2	5	2	0	0	0	0	2	1	1	0	0	2	2	0	0	0	1	1	0	0	0	0	0	0	0	0	3	2	0	1	1	0	0	0	0	1	0	14	0	0	3	1	0	1	1	9	1	1	0	1	1	2	1	0	0	1	2	0	0	1	1	9	3	0	5	0	0	0	1	4	0	1	1	1	1	0	0	1	0	2	4	1	0	1	0	0	2	1	1	1	0	5	0	0	0	3	11	2	1	0	6	0	2	0	4	2	1	5	1	0	2
Latest topics for ZDNet in It-Priorities	0	0	0	1	0	1	3	0	2	0	0	0	2	0	0	1	1	1	0	0	1	0	0	3	0	6	0	1	3	0	1	2	0	0	0	1	3	1	0	1	1	1	0	2	0	0	0	5	0	0	0	0	0	3	0	0	0	2	1	1	1	2	2	0	1	2	0	1	0	1	0	1	4	1	6	2	0	0	1	0	2	5	3	1	0	1	0	0	0	0	0	0	0	0	0	0	6	2	0	2	0	3	2	0	0	2	0	0	0	2	3	4	2	0	0	2	1	0	2	0	2	1	0	0	0	0	1	1	1	1	0	4	1	0	0	1	0	0	1	0	0	0	4	6	0	0	1	2	0	3	5	0	0	2	1	1	0	0	0	0	1	2	3	3	1	2	0	0	2	1	5	0	0	0	3	0	3	0	0	0	1	5	1	1	0
ZDNet | cisco RSS	0	0	0	0	0	0	0	0	0	0	0	0	0	0	0	0	0	0	0	0	0	0	0	0	0	0	0	0	0	0	0	0	0	0	0	0	0	0	0	0	0	0	0	0	0	0	0	0	0	0	0	0	0	0	0	0	0	0	0	0	0	0	0	0	0	0	0	0	0	0	0	0	0	0	0	0	0	0	0	0	0	0	0	0	0	0	0	0	0	0	0	0	0	0	0	0	0	0	0	0	0	0	0	0	0	0	0	0	0	0	0	0	0	0	0	0	0	0	0	0	0	0	0	0	0	0	0	0	0	0	0	0	0	0	0	0	0	0	0	0	0	0	0	0	0	0	0	0	0	0	0	0	0	0	0	0	0	0	0	0	0	0	0	0	0	0	0	0	0	0	0	0	0	0	0	0	0	0	0	0	0	0	0	0	0
Latest topics for ZDNet in Networking	3	0	2	3	1	1	0	0	1	2	0	9	1	0	5	1	2	1	11	0	1	6	1	0	0	2	2	5	8	0	0	2	1	0	0	0	2	3	0	1	1	0	0	1	0	1	1	0	0	0	0	0	0	0	0	2	1	1	4	1	2	1	1	0	0	0	1	0	0	1	0	1	0	0	2	2	1	0	0	0	4	0	2	0	0	3	0	2	8	0	0	2	0	0	0	2	2	1	0	0	1	1	1	1	1	0	0	0	0	1	1	5	0	0	0	1	2	2	3	1	4	0	0	2	0	0	2	2	0	0	2	0	0	5	1	2	0	0	2	0	0	1	5	4	0	1	0	2	1	4	0	0	0	1	0	0	0	1	2	0	2	2	0	1	0	0	0	0	0	0	0	0	0	0	0	0	1	0	0	2	2	3	0	0	2
ZDNet | Enterprise Web 2.0 RSS	4	0	0	6	2	0	4	2	0	0	1	1	6	2	4	1	2	1	3	0	2	0	2	0	0	6	2	1	0	0	9	1	0	1	0	0	5	1	2	4	0	0	0	3	1	0	0	2	0	0	0	0	4	3	0	1	1	5	0	0	1	2	0	5	1	1	0	1	0	2	0	0	2	4	2	2	0	0	0	0	3	8	0	1	0	1	2	0	0	0	0	2	0	0	0	0	2	2	0	3	0	1	0	1	0	1	0	0	0	2	1	8	1	0	0	0	0	0	2	0	1	6	0	1	0	1	2	2	0	1	2	0	1	0	0	0	0	0	7	0	1	0	0	5	0	0	0	0	0	2	15	0	0	0	1	1	0	0	0	0	2	4	1	3	0	0	1	0	0	0	0	0	1	0	2	0	1	0	3	0	0	3	2	0	0
ZDNet | Pinoy Post RSS	0	0	0	0	0	0	6	0	0	2	1	1	5	1	0	0	1	1	0	1	1	0	1	1	0	2	1	4	0	1	4	2	0	5	1	1	4	5	1	2	0	0	1	1	2	0	2	1	1	1	1	3	0	0	1	2	0	0	1	1	0	1	0	1	1	0	1	1	0	1	0	4	3	1	3	2	0	0	0	1	2	0	0	0	0	1	3	1	0	2	0	1	0	2	1	0	0	0	0	0	1	1	0	1	3	0	0	1	0	1	0	0	0	0	1	0	1	1	0	1	0	2	0	3	0	0	1	0	2	0	0	5	0	0	0	0	0	0	3	0	0	0	1	7	1	0	1	0	2	0	0	0	0	1	0	2	0	0	0	0	3	0	0	0	0	0	1	0	0	0	0	0	0	3	3	0	1	0	1	2	0	2	0	0	1
ZDNet | bootstrappr RSS	0	0	0	1	1	0	0	1	0	1	0	0	6	1	0	1	0	0	1	0	3	1	0	1	0	0	3	1	0	0	0	1	0	2	5	0	3	3	1	8	1	0	0	2	0	1	0	0	0	0	1	4	0	0	1	0	0	2	0	0	0	0	0	0	0	0	1	3	0	4	0	0	1	0	3	1	0	2	0	1	3	1	2	0	0	3	0	0	0	2	1	0	0	0	0	0	0	1	0	0	0	0	0	0	0	0	0	0	0	0	0	2	0	1	0	0	1	1	0	0	0	0	0	1	0	0	0	0	0	3	0	0	1	0	0	0	0	0	5	0	0	0	1	6	0	0	0	1	0	0	0	1	0	1	0	1	1	0	0	0	0	0	0	1	0	0	2	0	1	1	0	1	1	0	3	0	1	0	5	2	0	3	0	1	2
ZDNet | Twisted Wire RSS	0	0	0	0	1	1	0	0	0	0	0	0	1	0	1	1	1	1	0	0	0	1	5	0	0	0	0	5	1	0	0	4	0	1	0	1	3	3	1	2	1	1	0	4	0	1	0	0	0	0	3	5	1	2	0	0	0	4	3	2	0	2	1	1	1	0	0	1	0	1	0	1	3	1	0	1	0	0	0	0	2	0	1	0	0	1	1	0	0	0	0	0	0	0	0	0	0	0	0	0	0	0	0	0	0	0	0	1	0	1	0	0	0	0	1	0	0	0	0	0	2	0	0	0	0	1	2	0	0	0	0	0	0	0	2	2	2	0	3	0	1	2	1	4	2	0	1	4	0	3	0	0	0	0	1	6	0	0	1	3	3	3	2	4	0	0	1	0	1	0	0	0	0	0	2	1	1	1	2	0	0	3	0	0	2
ZDNet | Mapping Babel RSS	0	4	0	0	0	6	1	1	1	0	0	0	15	2	0	0	4	0	0	0	2	0	0	2	3	4	3	4	8	0	0	2	4	14	0	0	3	8	3	3	0	0	0	0	1	4	6	0	0	1	2	0	0	0	2	0	2	2	0	2	0	0	1	1	5	3	2	0	0	0	0	0	2	0	0	0	0	0	0	0	0	0	0	0	10	0	0	0	0	0	0	2	0	3	0	2	17	2	0	0	0	0	2	0	0	0	1	0	0	1	0	3	2	0	0	2	0	2	0	2	0	0	0	0	0	0	2	0	0	0	0	4	4	0	0	4	0	0	3	0	1	0	0	0	0	0	0	2	3	0	3	0	0	2	0	0	0	2	0	0	3	0	1	0	0	6	1	0	2	1	7	0	0	0	4	0	2	0	2	2	0	3	1	0	1
ZDNet | Mixed Signals RSS	1	0	0	1	1	2	0	4	0	1	1	0	8	0	0	2	4	1	0	2	1	0	0	0	13	0	2	3	8	0	3	3	4	5	0	2	3	3	1	2	0	1	0	1	0	0	1	0	0	1	0	3	0	0	0	1	0	1	1	2	0	4	0	0	5	3	1	0	1	1	0	1	2	1	3	4	0	0	0	0	2	1	0	0	1	2	0	0	0	2	1	5	0	0	0	3	1	1	3	0	1	1	1	1	2	0	0	0	0	1	2	6	0	5	1	0	0	0	0	2	0	0	0	2	4	0	3	1	0	0	2	1	0	0	2	5	0	3	4	1	1	0	0	2	2	1	1	2	1	0	0	1	1	2	0	4	0	0	0	0	3	1	0	1	1	1	0	0	2	1	1	2	1	0	10	0	5	1	0	1	1	6	0	0	1
ZDNet | Between the Lines RSS	3	0	0	3	0	0	4	0	1	0	0	3	1	0	0	0	5	0	4	1	1	0	0	0	0	4	2	5	4	0	0	2	4	2	0	1	1	3	1	3	0	1	0	0	0	1	0	0	0	2	0	0	0	0	2	1	0	2	0	0	1	1	0	1	0	0	3	1	2	2	0	0	1	1	3	0	1	0	0	0	1	3	0	2	2	1	0	4	9	0	0	1	0	0	0	2	7	4	1	0	0	1	1	0	2	1	0	0	4	0	0	8	2	0	0	0	2	0	0	2	0	0	0	1	1	1	0	0	1	0	2	1	0	0	2	2	0	0	2	2	0	0	2	3	0	0	0	0	0	1	5	0	0	0	1	0	0	0	1	0	2	3	0	1	0	0	0	0	0	0	0	0	1	1	1	0	4	0	0	1	0	5	2	1	0
Latest topics for ZDNet in Linux	4	0	1	1	1	0	1	1	4	0	0	1	5	0	1	3	0	3	2	0	1	8	0	1	0	0	1	3	3	1	0	1	0	2	0	0	3	0	0	1	0	1	0	4	1	1	1	0	1	0	0	0	2	2	0	0	3	1	0	2	0	1	0	1	4	1	2	0	3	1	0	1	2	2	3	0	1	1	1	1	0	2	3	0	0	3	0	0	7	0	0	0	13	2	0	0	1	4	0	0	0	1	1	2	4	0	0	0	0	0	0	12	0	1	0	0	1	0	3	0	0	0	0	2	1	1	1	0	0	1	1	0	0	7	1	0	1	0	4	0	0	0	0	2	0	4	1	0	2	0	1	0	3	1	0	0	0	1	1	0	2	3	5	1	0	1	0	0	2	0	0	0	0	0	3	1	2	0	1	0	0	1	0	0	3
ZDNet | Startup India RSS	0	0	0	2	0	3	2	1	0	0	1	2	5	2	0	3	1	0	0	0	3	0	0	0	0	0	3	6	1	0	5	1	0	0	15	0	2	3	1	2	0	1	10	3	0	0	0	0	0	0	4	0	0	0	0	0	1	0	0	0	0	0	0	0	0	0	0	5	0	2	0	0	0	0	1	3	0	0	0	0	2	1	5	0	0	1	3	0	0	0	2	4	0	2	0	0	0	0	0	0	0	1	6	0	0	0	0	0	0	1	0	0	0	0	0	0	1	1	0	0	0	0	0	0	5	0	1	1	0	0	1	0	2	0	0	4	0	0	1	0	0	0	1	2	0	0	1	0	0	0	0	0	0	0	2	0	0	0	1	0	6	0	1	1	2	0	0	0	1	1	0	0	4	0	1	0	3	0	3	3	1	1	2	0	1
ZDNet | Techie Isles RSS	0	0	0	2	0	1	6	3	2	1	0	0	5	0	0	1	0	4	2	0	2	0	0	1	0	2	0	1	2	1	0	1	0	2	0	0	2	1	1	1	0	0	0	3	0	2	1	3	0	1	0	3	0	0	0	0	0	0	1	0	1	2	0	1	1	0	1	0	2	3	0	0	3	0	1	3	1	0	0	0	1	2	2	0	0	0	2	1	0	0	0	0	0	2	1	0	0	1	0	0	0	0	1	2	1	0	0	1	0	0	0	19	0	0	0	1	1	0	0	0	0	0	0	0	0	0	0	0	0	0	0	0	0	0	0	0	0	0	2	0	0	0	0	1	0	0	0	1	0	1	0	0	1	1	2	0	0	0	0	2	1	1	2	1	0	0	2	0	0	1	0	0	0	0	2	0	1	3	1	0	1	3	0	0	2
ZDNet | Virtually Speaking RSS	1	0	0	1	1	4	0	2	2	0	0	2	4	2	1	2	9	0	2	0	1	0	0	0	0	4	1	3	2	0	1	0	2	9	0	2	5	0	1	0	0	0	2	2	2	2	2	3	2	0	0	0	1	3	0	0	7	1	0	0	1	5	2	2	2	4	2	4	3	3	0	1	0	2	2	0	0	1	1	3	1	0	0	0	2	1	0	0	0	0	0	0	1	0	0	0	3	4	0	0	0	0	3	0	1	0	0	0	2	1	1	2	0	0	0	0	0	4	1	0	0	0	0	0	0	2	0	2	0	1	0	3	0	0	3	0	2	0	1	0	0	0	1	1	0	0	0	2	0	0	8	0	0	1	0	1	0	1	0	1	3	1	2	5	1	0	0	0	2	0	0	0	0	1	2	0	1	0	6	0	4	3	0	0	2
Latest articles for ZDNet	0	1	1	6	0	0	1	0	1	3	0	0	2	0	1	2	2	1	2	0	2	0	1	0	0	1	1	2	3	0	1	4	0	7	0	1	6	4	1	5	0	0	1	0	0	2	1	0	0	3	1	0	0	1	1	1	0	0	3	0	0	1	3	2	2	1	1	1	0	1	1	1	0	0	3	0	3	1	0	0	0	1	2	0	1	0	0	2	1	0	1	1	0	0	0	1	2	1	2	1	0	0	2	0	0	1	2	0	2	0	0	7	0	1	2	3	2	0	1	0	3	0	0	2	1	0	1	0	0	0	2	3	1	0	3	0	0	0	2	0	2	2	2	1	1	0	0	1	0	1	1	0	2	1	1	1	0	1	1	1	0	2	0	0	1	2	0	2	0	1	3	8	1	0	1	0	2	0	1	1	1	3	0	2	0
Latest topics for ZDNet in Operating-Systems	7	0	2	3	3	1	0	0	4	0	0	0	4	0	0	5	0	1	0	0	1	0	2	1	0	0	0	2	3	3	0	1	1	4	0	0	5	2	0	1	0	1	0	5	0	1	2	0	1	1	1	0	2	3	0	1	3	1	1	0	0	0	3	0	0	0	0	0	0	0	0	1	1	0	2	0	0	0	6	0	1	0	6	0	0	6	2	0	3	0	0	0	13	2	0	0	0	3	0	1	0	0	0	0	7	1	1	0	2	1	0	17	0	1	0	0	3	0	1	0	0	0	0	2	1	0	0	0	0	2	1	0	0	0	0	0	0	0	5	0	0	2	0	2	0	5	0	0	0	0	0	0	1	1	0	4	0	1	1	1	1	0	2	1	0	3	0	0	0	0	3	4	0	1	5	0	2	0	1	0	0	0	1	0	1
Latest topics for ZDNet in Enterprise-Software	2	0	1	2	1	2	0	2	1	0	0	1	2	0	1	0	1	1	1	1	1	2	0	0	0	3	1	2	1	3	2	4	2	6	0	0	5	0	0	2	0	0	5	1	0	0	0	2	0	0	0	1	1	0	0	0	0	2	0	0	0	0	4	1	4	0	0	1	0	0	0	0	3	1	2	1	0	1	0	1	1	1	4	0	0	2	1	2	0	0	1	1	2	0	0	0	3	7	0	2	0	1	0	2	0	3	0	2	0	0	2	5	1	3	0	0	2	1	1	0	1	0	0	1	0	0	0	0	0	0	0	0	1	2	0	0	0	0	0	0	0	0	0	3	0	1	0	0	0	1	2	0	2	1	2	1	0	2	0	0	0	3	0	4	0	0	1	0	2	1	11	2	1	0	1	0	3	0	2	2	0	5	0	0	0
ZDNet | The Mobile Gadgeteer RSS	0	0	2	0	0	1	0	1	3	0	1	0	1	3	3	1	6	0	0	0	1	0	3	0	0	4	0	4	1	0	0	3	0	3	0	0	2	4	1	2	0	0	0	1	0	0	0	1	0	0	0	0	0	0	2	2	2	1	1	1	1	0	0	0	2	0	0	1	0	2	4	1	1	1	2	0	0	1	0	0	2	2	5	0	0	5	0	0	1	16	0	7	0	0	0	0	0	0	0	0	0	0	0	1	0	1	0	0	0	0	0	2	0	0	0	0	1	1	1	0	0	0	3	2	5	0	1	0	0	0	1	0	0	0	0	3	0	0	0	0	3	1	2	0	1	0	0	0	0	1	0	1	0	0	0	0	0	0	0	0	2	1	1	1	0	1	0	1	0	0	4	0	3	0	2	2	1	1	4	1	0	1	1	0	2
ZDNet | View from China RSS	0	20	0	0	0	0	1	0	0	2	0	0	4	0	1	0	1	0	2	1	0	0	0	0	0	0	1	1	0	0	1	2	0	6	0	0	6	4	0	2	1	1	0	1	1	1	5	0	0	3	0	1	0	0	3	1	1	0	3	0	0	0	2	0	0	1	0	7	0	1	0	0	0	0	0	1	2	3	0	1	0	1	0	1	0	0	0	0	0	0	2	3	0	0	0	0	3	1	0	0	0	0	1	0	0	1	2	0	0	1	0	6	1	2	0	0	0	1	0	0	0	0	2	0	2	0	0	1	0	0	2	1	0	0	2	0	2	0	0	1	1	0	1	1	1	0	2	0	2	1	0	1	0	1	1	0	10	0	0	1	0	0	1	0	0	0	0	0	1	1	2	6	3	0	3	0	1	0	2	0	0	8	1	1	3
ZDNet | Tech Taiwan RSS	0	4	0	0	0	0	0	0	0	2	0	1	3	0	4	0	2	0	0	1	0	0	0	0	0	0	1	4	3	0	3	2	2	11	0	1	2	7	0	2	3	0	0	0	4	1	0	0	0	0	0	5	0	0	2	0	0	0	0	0	0	0	0	0	1	0	0	5	0	0	0	0	0	0	1	1	0	0	0	0	0	0	0	0	0	0	1	0	0	0	0	1	0	1	0	2	2	0	0	0	0	0	2	0	0	0	0	0	2	2	0	4	0	0	1	0	1	0	0	0	0	0	2	2	1	0	0	0	0	0	0	1	0	0	0	2	0	0	0	0	0	0	0	0	0	0	4	3	1	0	0	0	0	0	0	0	0	0	0	1	0	0	1	0	1	0	0	1	0	0	0	4	4	0	1	0	2	0	0	2	0	3	0	0	0
ZDNet | Italy&#039;s got tech RSS	0	0	0	5	0	0	2	0	0	3	2	0	6	0	0	1	4	0	4	0	2	6	0	0	0	1	0	5	5	0	0	1	1	3	2	1	3	1	1	3	0	0	0	1	0	2	1	0	0	1	3	2	1	0	0	0	1	1	1	1	1	0	0	3	0	0	0	3	0	6	0	0	2	0	1	2	0	0	0	0	1	1	0	0	0	1	3	0	0	0	1	1	0	0	0	0	0	0	0	0	2	1	0	0	0	0	1	0	0	2	1	6	0	1	0	0	0	1	0	0	0	0	1	1	1	1	5	0	1	0	0	2	0	3	0	3	0	0	2	0	0	0	2	3	0	0	0	2	2	0	0	0	0	3	0	0	0	0	3	0	1	0	0	0	0	4	0	0	0	3	3	0	0	0	1	0	2	2	1	0	1	5	2	1	0
ZDNet | Hong Kong Techie RSS	0	0	0	0	0	0	0	0	0	0	0	0	1	0	0	0	2	0	0	0	0	0	0	0	0	0	0	0	0	0	1	1	0	1	0	0	0	0	0	0	0	0	0	0	0	0	0	0	0	0	0	1	0	0	0	0	0	0	0	0	0	0	0	0	0	0	0	0	0	0	0	0	0	0	0	1	0	0	0	0	2	0	0	0	0	0	0	0	0	0	0	0	0	0	0	0	0	0	0	0	0	0	0	0	0	0	0	0	0	0	0	0	0	0	0	0	0	0	1	0	0	2	0	0	0	0	0	0	1	0	0	0	0	0	0	2	0	0	0	0	0	0	0	1	0	0	0	0	0	0	0	0	0	0	0	0	0	0	0	0	0	0	0	0	0	0	0	0	0	0	0	0	0	0	0	0	1	0	0	0	0	0	0	0	0
ZDNet | Consumerization: BYOD RSS	0	0	2	3	3	0	1	3	1	0	1	1	1	0	0	0	2	1	0	0	0	2	0	1	0	4	2	4	0	0	0	2	1	3	0	0	3	1	0	1	0	0	0	2	0	0	1	1	1	0	0	0	2	0	1	1	0	2	1	0	1	0	1	4	0	0	1	0	0	3	0	0	2	2	0	0	0	0	1	0	4	2	8	1	0	13	0	1	0	0	0	2	4	2	2	0	1	0	0	0	0	3	1	0	7	0	0	1	3	0	1	5	2	5	0	1	2	0	0	0	0	0	0	0	0	1	0	0	0	0	1	0	0	2	3	0	0	0	1	0	0	0	5	2	0	4	0	0	0	2	4	1	0	0	0	1	0	0	2	0	2	1	6	1	0	2	0	0	0	1	0	0	4	0	3	0	4	0	0	0	1	0	0	0	0
ZDNet | Estonia Uncovered RSS	0	1	1	10	0	2	5	0	0	7	1	1	6	0	2	1	3	1	0	0	5	0	0	1	1	0	2	5	2	0	0	5	0	14	5	1	6	0	0	2	5	3	0	1	1	1	1	2	1	1	0	2	2	0	2	1	0	1	0	0	0	2	1	2	1	0	0	0	0	4	0	1	1	1	1	4	1	0	0	1	3	0	3	0	0	3	0	0	0	0	0	3	0	1	2	1	0	0	0	0	0	0	1	1	0	0	1	0	0	2	1	5	0	1	0	2	0	0	3	3	0	0	0	0	0	0	1	1	0	1	2	4	0	0	1	1	0	0	0	1	0	0	1	4	2	0	1	0	0	0	0	0	0	0	0	2	0	0	1	0	5	1	2	0	0	1	0	0	0	0	0	1	0	0	3	0	2	8	0	0	0	1	0	0	0
Latest topics for ZDNet in Oracle	0	0	1	2	2	0	1	2	0	1	1	0	4	0	0	0	3	1	0	1	0	4	0	1	2	0	1	1	3	0	0	2	1	1	0	1	1	2	0	4	0	1	1	3	1	1	0	0	0	1	1	1	0	0	2	0	0	2	0	0	1	1	0	1	1	0	0	1	0	2	0	0	2	0	3	0	0	1	0	1	0	2	0	0	0	1	1	1	0	0	0	0	1	0	0	0	12	0	0	0	0	0	0	0	0	0	0	1	0	2	0	5	0	0	1	0	0	0	0	0	0	0	0	0	0	1	1	0	0	3	1	2	0	2	0	5	0	0	2	0	0	0	2	6	0	0	3	1	0	0	1	0	2	2	0	0	0	0	1	1	1	0	1	1	0	0	1	0	3	0	1	0	0	0	4	0	2	0	2	2	1	3	1	2	0
ZDNet | Web design &amp; Free Software RSS	0	0	2	3	0	0	0	2	1	0	1	0	0	0	0	1	0	1	0	0	2	1	1	1	0	0	0	1	1	0	0	0	0	2	0	1	8	4	0	3	0	1	0	0	1	2	0	2	1	0	22	0	1	2	0	0	2	2	0	0	0	4	0	4	1	0	0	0	0	8	0	0	3	1	0	0	0	0	1	1	5	0	5	0	0	3	0	0	0	1	0	2	0	1	0	0	0	5	0	0	0	0	0	0	4	2	0	0	0	0	0	1	2	0	0	0	0	2	2	0	0	0	1	0	0	0	2	1	0	0	0	0	0	1	2	0	2	0	2	1	0	0	1	5	0	3	0	0	2	0	0	0	0	0	0	1	0	1	1	0	1	2	5	3	0	0	0	0	0	0	0	0	1	2	1	1	0	0	3	0	0	0	2	0	0
ZDNet | The Full Tilt RSS	1	0	0	1	0	1	0	2	1	0	0	1	1	0	1	3	10	1	3	0	0	0	0	0	0	2	2	2	0	0	3	3	0	4	0	0	3	5	0	3	2	0	2	0	0	0	1	0	1	1	1	1	0	0	1	0	1	3	1	0	1	2	2	1	1	0	0	0	0	5	0	3	1	0	0	0	0	0	0	0	12	0	0	0	0	0	0	0	0	0	0	0	0	1	0	0	3	0	0	0	3	2	2	1	0	0	0	0	0	0	3	4	0	0	1	0	1	0	1	0	0	1	1	3	0	0	2	2	0	0	0	0	2	0	2	0	0	0	3	0	0	1	2	5	0	0	0	0	0	0	0	1	0	1	2	0	1	0	1	0	0	0	1	1	0	0	0	0	0	0	1	2	0	1	2	0	1	0	4	0	3	3	0	0	1
ZDNet | Software &amp; Services Safari RSS	2	0	2	5	2	0	1	1	0	0	2	0	4	0	0	5	4	3	0	2	5	0	0	1	0	5	1	3	4	0	0	3	0	2	0	1	2	5	1	5	0	0	2	7	1	1	0	3	0	1	0	0	0	0	0	0	0	2	0	0	3	0	0	1	2	0	0	6	0	2	0	0	8	1	1	0	0	0	0	1	2	4	3	0	0	5	1	0	0	0	0	1	0	3	0	0	11	9	0	0	0	2	2	1	0	0	0	0	0	2	0	10	1	0	0	0	3	0	0	0	0	0	0	0	1	1	2	0	0	3	0	1	4	1	1	0	1	0	1	0	1	2	2	4	0	0	1	1	0	0	0	0	0	0	1	0	0	0	1	0	1	1	3	4	0	0	2	0	1	0	1	0	0	1	1	0	0	0	2	0	3	4	0	0	6
ZDNet | ZDNet Government RSS	2	4	1	2	2	1	4	0	0	0	4	1	6	0	0	1	1	4	2	0	5	2	0	1	2	1	12	6	3	0	0	11	0	0	0	0	8	0	1	3	8	0	1	4	0	1	0	1	2	0	2	31	1	0	0	0	1	2	0	2	1	6	5	0	3	2	1	0	0	5	1	1	9	2	1	1	0	1	0	0	5	0	5	0	0	11	0	0	0	0	0	0	0	1	0	0	3	1	0	2	8	0	0	2	1	1	0	2	0	1	0	1	0	0	0	0	1	0	0	0	2	0	1	4	0	1	2	0	0	1	0	0	0	0	4	4	0	0	1	0	1	1	5	6	2	0	0	2	0	0	0	0	15	5	1	1	0	0	1	19	2	3	5	4	0	0	0	0	0	0	1	5	0	0	8	2	2	0	0	1	3	2	0	0	2
ZDNet | Cloud Builders RSS	0	0	1	5	1	0	1	2	0	0	1	0	4	0	1	1	10	0	0	0	3	1	0	1	1	1	0	4	1	0	0	2	1	1	0	2	7	2	1	3	2	1	1	6	2	0	0	0	1	1	0	4	0	0	0	0	1	5	1	0	2	1	6	1	3	9	1	1	0	2	0	0	1	1	9	0	0	0	0	0	4	1	2	1	0	2	1	0	1	0	0	1	0	5	0	0	38	0	0	0	0	4	0	1	10	0	0	0	0	2	0	4	2	4	0	0	0	0	2	0	2	1	0	0	1	0	1	2	2	1	4	2	0	0	2	0	1	0	5	0	0	1	6	2	0	2	4	0	0	0	3	1	0	2	0	4	0	0	0	0	2	5	1	5	0	0	0	0	0	0	0	0	0	0	4	0	1	2	5	1	2	7	0	0	0
